5600  55.2813
5600  54.0797
5600  54.9242
5600  55.4511
5600  55.5556
5600  55.6569
5600  55.7053
5600  55.6537
5600  55.8464
5600  55.8899
5600  55.9796
5600  55.9733
5600  56.0594
5600  56.0976
5600  56.1347
5600  56.2154
5600  56.25
5600  56.3272
5600  56.2738
5600  56.391
5600  56.4217
5600  56.493
5600  53.206
5600  52.0079
5600  50.8906
5600  49.8155
5600  48.8095
5600  47.9492
5600  47.191
5600  46.6776
5600  45.9647
5600  45.3125
5600  44.8065
5600  44.1687
5600  43.7318
5600  43.1894
5600  42.8305
5600  42.3497
5600  41.7221
5600  41.3223
5600  40.8685
5600  40.501
5600  40.0818
5600  39.839
5600  39.4945
5600  39.2081
5600  38.6657
5600  38.347
5600  37.9009
5600  37.4465
5600  37.0759
5600  36.7193
5600  36.3759
5600  36.2006
5600  35.8774
5600  35.5883
5600  35.2645
5600  35.1041
5600  34.8624
5600  34.6177
5600  34.2992
5600  34.0314
5600  33.7625
5600  33.4928
5600  33.3611
5600  33.1325
5600  32.9997
5600  32.8438
5600  32.6918
5600  32.5098
5600  32.3658
5600  32.1438
5600  32.0561
5600  31.9149
5600  31.7538
5600  31.5739
5600  31.451
5600  31.3531
5600  31.2209
5600  31.106
5600  30.9654
5600  30.8489
5600  30.7555
5600  30.6573
5600  30.5477
5600  30.447
5600  30.2966
5600  30.2134
5600  30.0878
5600  29.9897
5600  29.8874
5600  29.715
5600  29.6059
5600  29.4292
5600  29.3026
5600  29.1731
5600  29.102
5600  29.0378
5600  28.9691
5600  28.8372
5600  28.7717
5600  28.6653
5600  28.5559
5600  28.4487
5600  28.3086
5600  28.2308
5600  28.1543
5600  28.0502
5600  27.9959
5600  27.9472
5600  27.8757
5600  27.8102
5600  27.7594
5600  27.6868
5600  27.6198
5600  27.5584
5600  27.52
5600  27.4603
5600  27.4016
5600  27.3395
5600  27.2868
5600  27.235
5600  27.2088
5600  27.1335
5600  27.088
5600  27.0351
5600  27.007
5600  26.9514
5600  26.8849
5600  26.8466
5600  26.805
5600  26.7372
5600  26.6932
5600  26.6685
5600  26.6256
5600  26.6128
5600  26.5928
5600  26.5584
5600  26.5245
5600  26.5126
5600  26.4793
5600  26.4643
5600  26.4494
5600  26.3646
5600  26.3019
5600  26.2573
5600  26.227
5600  26.2172
5600  26.1975
5600  26.1646
5600  26.1388
5600  26.0672
5600  26.0521
5600  26.0469
5600  25.9998
5600  25.982
5600  25.9549
5600  25.9156
5600  25.8798
5600  25.8103
5600  25.791
5600  25.7812
5600  25.7227
5600  25.6861
5600  25.65
5600  25.6143
5600  25.5937
5600  25.55
5600  25.4777
5600  25.4381
5600  25.3961
5600  25.3801
5600  25.3615
5600  25.3487
5600  25.3276
5600  25.3095
5600  25.3054
5600  25.2711
5600  25.2482
5600  25.2254
5600  25.1921
5600  25.1699
5600  25.1612
5600  25.1394
5600  25.1151
5600  25.1094
5600  25.0699
5600  25.0541
5600  25.0256
5600  25.0102
5600  24.9848
5600  24.947
5600  24.9096
5600  24.8553
5600  24.8164
5600  24.7706
5600  24.7569
5600  24.7263
5600  24.7154
5600  24.6973
5600  24.6414
5600  24.6074
5600  24.6019
5600  24.5847
5600  24.5561
5600  24.537
5600  24.4837
5600  24.4811
5600  24.4626
5600  24.4352
5600  24.4059
5600  24.3858
5600  24.3614
5600  24.3219
5600  24.3178
5600  24.3158
5600  24.3139
5600  24.2926
5600  24.2757
5600  24.2633
5600  24.2595
5600  24.2578
5600  24.2477
5600  24.2251
5600  24.2131
5600  24.2137
5600  24.1977
5600  24.188
5600  24.164
5600  24.1423
5600  24.1248
5600  24.1258
5600  24.1226
5600  24.1195
5600  24.1084
5600  24.1114
5600  24.0984
5600  24.0855
5600  24.0688
5600  24.0424
5600  24.0221
5600  24.0097
5600  23.9858
5600  23.9718
5600  23.9521
5600  23.9383
5600  23.9341
5600  23.9185
5600  23.8919
5600  23.8692
5600  23.869
5600  23.8613
5600  23.8409
5600  23.826
5600  23.8132
5600  23.8095
5600  23.8077
5600  23.8041
5600  23.8041
5600  23.7951
5600  23.7809
5600  23.7685
5600  23.7579
5600  23.7581
5600  23.7477
5600  23.7286
5600  23.7166
5600  23.7134
5600  23.7067
5600  23.6932
5600  23.6781
5600  23.6648
5600  23.6618
5600  23.6503
5600  23.6373
5600  23.6361
5600  23.6164
5600  23.6103
5600  23.5959
5600  23.5932
5600  23.574
5600  23.5615
5600  23.536
5600  23.5237
5600  23.5115
5600  23.4962
5600  23.4729
5600  23.4626
5600  23.4444
5600  23.4375
5600  23.429
5600  23.4175
5600  23.4138
5600  23.3899
5600  23.3723
5600  23.3688
5600  23.3577
5600  23.3496
5600  23.3448
5600  23.3414
5600  23.3274
5600  23.315
5600  23.3027
5600  23.292
5600  23.2859
5600  23.2603
5600  23.2483
5600  23.2335
5600  23.2217
5600  23.2011
5600  23.1969
5600  23.1794
5600  23.168
5600  23.1566
5600  23.1438
5600  23.1196
5600  23.0955
5600  23.0903
5600  23.0864
5600  23.0684
5600  23.0519
5600  23.0299
5600  23.0193
5600  23.0004
5600  22.9802
5600  22.9615
5600  22.9292
5600  22.9136
5600  22.9008
5600  22.8962
5600  22.8849
5600  22.8764
5600  22.8652
5600  22.838
5600  22.827
5600  22.8081
5600  22.7987
5600  22.7958
5600  22.7785
5600  22.7653
5600  22.7534
5600  22.7325
5600  22.7104
5600  22.6872
5600  22.6693
5600  22.6618
5600  22.6543
5600  22.6494
5600  22.6381
5600  22.6282
5600  22.6247
5600  22.6061
5600  22.5814
5600  22.578
5600  22.5709
5600  22.5589
5600  22.5531
5600  22.5498
5600  22.5343
5600  22.525
5600  22.5096
5600  22.5613
5600  22.6044
5600  22.6364
5600  22.6708
5600  22.7052
5600  22.7371
5600  22.7713
5600  22.8055
5600  22.8384
5600  22.8713
5600  22.904
5600  22.938
5600  22.9707
5600  23.002
5600  23.0358
5600  23.0683
5600  23.102
5600  23.1343
5600  23.1679
5600  23.2001
5600  23.2323
5600  23.2645
5600  23.2978
5600  23.3286
5600  23.3605
5600  23.3937
5600  23.4268
5600  23.4586
5600  23.4915
5600  23.5232
5600  23.5548
5600  23.5876
5600  23.6191
5600  23.6506
5600  23.682
5600  23.7133
5600  23.7446
5600  23.7771
5600  23.8083
5600  23.8406
5600  23.8717
5600  23.9015
5600  23.9337
5600  23.9646
5600  23.9954
5600  24.0275
5600  24.0582
5600  24.0889
5600  24.1208
5600  24.1513
5600  24.1831
5600  24.2136
5600  24.2452
