560  56.3241
560  56.4202
560  56.4593
560  56.4972
560  56.5338
560  56.5693
560  56.5022
560  56.7376
560  56.719
560  56.7498
560  56.7797
560  56.9038
560  56.8838
560  56.9106
560  57.0281
560  57.0523
560  57.0758
560  57.0547
560  57.1646
560  57.2289
560  57.2491
560  57.2267
560  57.3295
560  57.3477
560  57.3654
560  56.28
560  56.6553
560  57.104
560  57.1237
560  57.1429
560  57.1992
560  57.2917
560  57.3454
560  57.2884
560  57.377
560  57.4282
560  57.372
560  57.352
560  57.4365
560  57.4163
560  57.4645
560  57.478
560  57.5581
560  57.5043
560  57.5499
560  57.5296
560  57.5741
560  57.6816
560  57.5342
560  57.7028
560  57.5888
560  57.6923
560  57.672
560  57.6822
560  57.6923
560  57.732
560  57.8301
560  57.7508
560  57.7599
560  57.7689
560  57.9208
560  57.7582
560  57.8794
560  57.8592
560  57.9502
560  57.8473
560  57.9369
560  57.9439
560  57.8436
560  57.9844
560  58.0174
560  57.971
560  57.9775
560  57.9323
560  58.0931
560  58.022
560  58.0786
560  58.185
560  58.0645
560  58.1943
560  58.0755
560  58.1542
560  58.159
560  58.1637
560  58.1204
560  58.1967
560  58.1301
560  58.1348
560  58.2096
560  58.1673
560  58.1948
560  58.1761
560  58.317
560  58.2298
560  58.2787
560  58.2599
560  58.3079
560  58.2671
560  58.2926
560  58.3396
560  58.321
560  58.3026
560  58.37
560  58.3516
560  58.3545
560  58.3784
560  58.4229
560  58.3422
560  58.4485
560  58.4713
560  58.412
560  58.3739
560  58.4169
560  58.4393
560  58.4416
560  58.4438
560  58.4262
560  58.4677
560  58.4502
560  58.4718
560  58.4931
560  58.5141
560  58.4585
560  58.5747
560  58.5571
560  58.5397
560  58.5225
560  58.5801
560  58.5814
560  58.5458
560  58.529
560  58.5852
560  58.5683
560  58.5697
560  58.571
560  58.5902
560  58.5736
560  58.5395
560  58.6819
560  58.6124
560  58.6833
560  58.6146
560  58.6675
560  58.6338
560  58.6348
560  58.6698
560  58.6705
560  58.6544
560  58.6552
560  58.6727
560  58.6735
560  58.7073
560  58.6749
560  58.7248
560  58.6763
560  58.7258
560  58.7586
560  58.7106
560  58.7432
560  58.7595
560  58.7598
560  58.7443
560  58.7604
560  58.7921
560  58.761
560  58.7768
560  58.777
560  58.7927
560  58.7928
560  58.7929
560  58.8388
560  58.8084
560  58.8084
560  58.8085
560  58.8535
560  58.8235
560  58.8087
560  58.8087
560  58.8088
560  58.8382
560  58.8381
560  58.8526
560  58.8235
560  58.9102
560  58.8666
560  58.8951
560  58.852
560  58.8661
560  58.8235
560  58.8798
560  58.9358
560  58.8934
560  58.8792
560  58.8928
560  58.8925
560  58.9198
560  58.892
560  58.8644
560  58.9459
560  58.9319
560  58.8639
560  58.9445
560  58.9172
560  58.9168
560  58.9431
560  58.9294
560  58.929
560  58.9549
560  58.9413
560  58.9539
560  58.9534
560  58.9529
560  58.9654
560  59.0035
560  58.9643
560  58.9382
560  59.0015
560  58.9501
560  58.9749
560  58.987
560  58.9989
560  58.9983
560  59.0102
560  58.9846
560  58.9964
560  58.9711
560  58.9952
560  59.0069
560  59.0429
560  59.0177
560  59.0049
560  59.0527
560  59.0157
560  59.0271
560  59.0383
560  59.0257
560  59.025
560  59.0599
560  59.0591
560  59.0347
560  59.034
560  59.0567
560  59.0559
560  59.0435
560  59.0428
560  59.042
560  59.0758
560  59.0521
560  59.0513
560  59.0734
560  59.0725
560  59.0831
560  59.0709
560  59.0701
560  59.0805
560  59.0685
560  59.1124
560  59.0892
560  59.044
560  59.1207
560  59.0757
560  59.1298
560  59.096
560  59.1279
560  59.1051
560  59.0934
560  59.0926
560  59.1025
560  59.0909
560  59.1115
560  59.132
560  59.1204
560  59.1089
560  59.0657
560  59.1388
560  59.0958
560  59.1369
560  59.115
560  59.1142
560  59.1133
560  59.1539
560  59.1426
560  59.1313
560  59.1304
560  59.1398
560  59.1389
560  59.1481
560  59.1472
560  59.1361
560  59.1858
560  59.1544
560  59.1937
560  59.1626
560  59.1616
560  59.1706
560  59.1796
560  59.1686
560  59.1676
560  59.1667
560  59.2051
560  59.1745
560  59.1833
560  59.1823
560  59.1716
560  59.1997
560  59.189
560  59.1591
560  59.1966
560  59.186
560  59.1946
560  59.1745
560  59.1925
560  59.1725
560  59.1905
560  59.1895
560  59.198
560  59.197
560  59.1866
560  59.1856
560  59.194
560  59.2116
560  59.192
560  59.228
560  59.2085
560  59.2075
560  59.234
560  59.2146
560  59.241
560  59.2217
560  59.2206
560  59.2015
560  59.2276
560  59.2266
560  59.2255
560  59.2155
560  59.2234
560  59.2224
560  59.2303
560  59.247
560  59.2371
560  59.236
560  59.235
560  59.2428
560  59.2329
560  59.2407
560  59.2483
560  59.2299
560  59.2289
560  59.2538
560  59.2528
560  59.2603
560  59.2421
560  59.2754
560  59.24
560  59.2561
560  59.255
560  59.2539
560  59.2614
560  59.2603
560  59.2593
560  59.2666
560  59.2488
560  59.2561
560  59.2634
560  59.229
560  59.278
560  59.2603
560  59.2841
560  59.3078
560  59.2737
560  59.2726
560  59.2798
560  59.2787
560  59.2695
560  59.2847
560  59.2918
560  59.2664
560  59.2815
560  59.2805
560  59.2552
560  59.3186
560  59.2934
560  59.2923
560  59.2832
560  59.2901
560  59.2891
560  59.2801
560  59.287
560  59.3017
560  59.2849
560  59.2917
560  59.3142
560  59.2974
560  59.2885
560  59.2797
560  59.3409
560  59.2854
560  59.3309
560  59.3066
560  59.3055
560  59.3044
560  59.3034
560  59.333
560  59.3089
560  59.3155
560  59.2992
560  59.3133
560  59.3123
560  59.3188
560  59.3026
560  59.3468
560  59.3006
560  59.3521
560  59.3135
560  59.3124
560  59.3263
560  59.3327
560  59.3242
560  59.3231
560  59.322
560  59.3357
560  59.3199
560  59.3336
560  59.3252
560  59.3241
560  59.3669
560  59.322
560  59.3574
560  59.3345
560  59.3407
560  59.3396
560  59.3457
560  59.3447
560  59.3436
560  59.3712
560  59.3486
560  59.3404
560  59.3465
560  59.3454
560  59.3585
560  59.3716
560  59.3776
560  59.3624
560  59.3542
560  59.3461
560  59.3661
560  59.358
560  59.357
560  59.3559
560  59.3688
560  59.3677
560  59.3666
560  59.3794
560  59.3575
560  59.3565
560  59.3899
560  59.375
560  59.3533
560  59.3865
560  59.3649
560  59.3639
560  59.3696
560  59.3754
560  59.3675
560  59.3732
560  59.3722
560  59.3711
560  59.37
560  59.3757
560  59.3814
560  59.387
560  59.3792
560  59.3582
560  59.3971
560  59.376
560  59.3684
560  59.374
560  59.3927
560  59.3653
560  59.3906
560  59.3895
560  59.395
560  59.3809
560  59.3863
560  59.4114
560  59.3908
560  59.3767
560  59.3822
560  59.407
560  59.3801
560  59.3855
560  59.4102
560  59.3835
560  59.3952
560  59.4006
560  59.3995
560  59.3985
560  59.3911
560  59.4028
560  59.4081
560  59.388
560  59.3996
560  59.4112
560  59.4038
560  59.4028
560  59.3955
560  59.4133
560  59.3997
560  59.4049
560  59.4039
560  59.4028
560  59.408
560  59.407
560  59.4121
560  59.3987
560  59.4039
560  59.4213
560  59.4018
560  59.4192
560  59.4121
560  59.4294
560  59.41
560  59.4212
560  59.4201
560  59.4191
560  59.4181
560  59.411
560  59.4281
560  59.4331
560  59.426
560  59.419
560  59.448
560  59.4169
560  59.4219
560  59.4328
560  59.4139
560  59.4188
560  59.4357
560  59.4287
560  59.4336
560  59.4266
560  59.4492
560  59.4187
560  59.4295
560  59.4285
560  59.4274
560  59.4323
560  59.4137
560  59.4361
560  59.4409
560  59.4282
560  59.433
560  59.4378
560  59.431
560  59.4358
560  59.4406
560  59.4511
560  59.4328
560  59.4375
560  59.448
560  59.447
560  59.4402
560  59.4335
560  59.461
560  59.4429
560  59.4305
560  59.4466
560  59.4456
560  59.4389
560  59.4492
560  59.4425
560  59.4359
560  59.4574
560  59.4564
560  59.461
560  59.4376
560  59.4478
560  59.4412
560  59.4681
560  59.4559
560  59.4494
560  59.4539
560  59.4529
560  59.4575
560  59.4675
560  59.461
560  59.4545
560  59.459
560  59.4689
560  59.4515
560  59.456
560  59.4659
560  59.4704
560  59.4857
560  59.4575
560  59.4619
560  59.4664
560  59.4654
560  59.459
560  59.4688
560  59.4624
560  59.4668
560  59.4712
560  59.4648
560  59.4692
560  59.4949
560  59.4672
560  59.4662
560  59.4972
560  59.4855
560  59.4686
560  59.4729
560  59.4772
560  59.4763
560  59.4805
560  59.469
560  59.4943
560  59.4776
560  59.4766
560  59.4809
560  59.4747
560  59.4998
560  59.4623
560  59.4874
560  59.4812
560  59.475
560  59.4741
560  59.499
560  59.4876
560  59.4815
560  59.4857
560  59.4796
560  59.4889
560  59.4828
560  59.4869
560  59.4859
560  59.5054
560  59.4891
560  59.4881
560  59.4923
560  59.4913
560  59.4802
560  59.4944
560  59.4884
560  59.4975
560  59.4915
560  59.4855
560  59.4946
560  59.4937
560  59.4877
560  59.4968
560  59.4858
560  59.5048
560  59.5039
560  59.4979
560  59.5119
560  59.5059
560  59.5
560  59.4941
560  59.503
560  59.5021
560  59.4962
560  59.5445
560  59.5484
560  59.5523
560  59.5513
560  59.5503
560  59.5542
560  59.5483
560  59.5521
560  59.5462
560  59.555
560  59.554
560  59.5529
560  59.5568
560  59.5558
560  59.5548
560  59.5538
560  59.5576
560  59.5566
560  59.5556
560  59.5594
560  59.5583
560  59.5573
560  59.5563
560  59.5601
560  59.5591
560  59.5581
560  59.5524
560  59.5609
560  59.5551
560  59.5589
560  59.5626
560  59.5616
560  59.5559
560  59.5644
560  59.5634
560  59.5577
560  59.5661
560  59.5651
560  59.5641
560  59.5678
560  59.5668
560  59.5658
560  59.5648
560  59.5685
560  59.5675
560  59.5665
560  59.5655
560  59.5692
560  59.5682
560  59.5718
560  59.5662
560  59.5699
560  59.5689
560  59.5725
560  59.5715
560  59.5705
560  59.5696
560  59.5732
560  59.5722
560  59.5712
560  59.5748
560  59.5738
560  59.5728
560  59.5764
560  59.5754
560  59.5745
560  59.5735
560  59.577
560  59.5761
560  59.5751
560  59.5741
560  59.5777
560  59.5767
560  59.5757
560  59.5793
560  59.5783
560  59.5773
560  59.5764
560  59.5799
560  59.5789
560  59.5735
560  59.5814
560  59.5761
560  59.5795
560  59.5786
560  59.582
560  59.5767
560  59.5757
560  59.5836
560  59.5826
