16800  26.6272
16800  27.1581
16800  27.6982
16800  28.0899
16800  28.6506
16800  29.0909
16800  29.623
16800  30.0619
16800  30.5144
16800  30.6905
16800  31.2764
16800  31.746
16800  32.0988
16800  32.5203
16800  32.8789
16800  33.2805
16800  33.6463
16800  33.9768
16800  34.2727
16800  34.6386
16800  34.9442
16800  35.2423
16800  35.5588
16800  35.8423
16800  36.119
16800  36.3891
16800  36.6782
16800  36.9357
16800  37.1873
16800  37.4332
16800  37.6984
16800  26.6177
16800  22.0726
16800  19.5122
16800  17.3641
16800  15.9917
16800  14.8585
16800  13.9191
16800  13.126
16800  12.2699
16800  11.6198
16800  11.1039
16800  10.6498
16800  10.2414
16800  9.89271
16800  9.49117
16800  9.13071
16800  8.85803
16800  8.57241
16800  8.31419
16800  8.08229
16800  7.86053
16800  7.66023
16800  7.46269
16800  7.26783
16800  7.3569
16800  7.44061
16800  7.51947
16800  7.59743
16800  7.67515
16800  7.75332
16800  7.83057
16800  7.9076
16800  7.98509
16800  8.06166
16800  8.13799
16800  8.21482
16800  8.2907
16800  8.36636
16800  8.44179
16800  8.51774
16800  8.59197
16800  8.66748
16800  8.74279
16800  8.81711
16800  8.89121
16800  8.9651
16800  9.03955
16800  9.113
16800  9.18624
16800  9.25926
16800  9.33287
16800  9.40547
16800  9.47704
16800  9.55085
16800  9.62199
16800  9.69375
16800  9.76613
16800  9.83747
16800  9.90945
16800  9.98038
16800  10.0511
16800  10.1225
16800  10.1928
16800  10.2629
16800  10.3329
16800  10.4026
16800  10.473
16800  10.5423
16800  10.6105
16800  10.6812
16800  10.7491
16800  10.8185
16800  10.8878
16800  10.9559
16800  11.023
16800  11.0917
16800  11.1592
16800  11.2275
16800  11.2947
16800  11.3627
16800  11.4295
16800  11.4962
16800  11.5636
16800  11.6298
16800  11.6969
16800  11.7628
16800  11.8285
16800  11.895
16800  11.9604
16800  12.0245
16800  12.0905
16800  12.1563
16800  12.221
16800  12.2854
