11200  47.6663
11200  47.8983
11200  47.8469
11200  48.2955
11200  47.9705
11200  48.6685
11200  48.8246
11200  49.0196
11200  49.1659
11200  49.308
11200  49.4881
11200  49.6215
11200  49.7512
11200  49.9182
11200  50
11200  50.1592
11200  41.6938
11200  37.5289
11200  34.5369
11200  32.1961
11200  30.1954
11200  28.4302
11200  27.0793
11200  25.8746
11200  24.8619
11200  23.9266
11200  23.125
11200  22.3214
11200  21.6463
11200  21.0268
11200  20.4242
11200  19.8692
11200  19.3986
11200  18.9562
11200  18.506
11200  18.1302
11200  17.7891
11200  17.4252
11200  17.1212
11200  16.7954
11200  16.4671
11200  16.1936
11200  15.9631
11200  15.7331
11200  15.5117
11200  15.2935
11200  15.0762
11200  14.8879
11200  14.7126
11200  14.5275
11200  14.3338
11200  14.1509
11200  14.0056
11200  13.8603
11200  13.7171
11200  13.5705
11200  13.4367
11200  13.3215
11200  13.2005
11200  13.0775
11200  12.9543
11200  12.8462
11200  12.7462
11200  12.6366
11200  12.5462
11200  12.449
11200  12.347
11200  12.2458
11200  12.1555
11200  12.0706
11200  11.9955
11200  11.9203
11200  11.8355
11200  11.7578
11200  11.6802
11200  11.6016
11200  11.5231
11200  11.4605
11200  11.3955
11200  11.4839
11200  11.567
11200  11.6405
11200  11.7128
11200  11.7838
11200  11.8577
11200  11.9293
11200  12.0007
11200  12.073
11200  12.1439
11200  12.2158
11200  12.2863
11200  12.3556
11200  12.4257
11200  12.4967
11200  12.5664
11200  12.637
11200  12.7063
11200  12.7765
11200  12.8442
11200  12.9129
11200  12.9813
11200  13.0507
11200  13.1188
11200  13.1878
11200  13.2554
11200  13.324
11200  13.3901
11200  13.4584
11200  13.5252
11200  13.5931
11200  13.6595
11200  13.7246
11200  13.7907
11200  13.859
11200  13.9247
11200  13.9914
11200  14.0567
11200  14.1231
11200  14.188
11200  14.2528
11200  14.3174
11200  14.383
11200  14.446
11200  14.51
11200  14.575
11200  14.6387
11200  14.7034
11200  14.7667
11200  14.8298
11200  14.894
11200  14.9567
11200  15.018
11200  15.083
11200  15.1452
11200  15.2072
11200  15.2704
11200  15.3321
11200  15.3936
11200  15.4549
11200  15.5161
11200  15.5784
11200  15.6405
11200  15.7012
11200  15.7617
11200  15.822
11200  15.8822
11200  15.9421
11200  16.002
11200  16.0629
11200  16.1224
11200  16.1831
11200  16.2422
11200  16.3012
11200  16.3614
11200  16.4201
11200  16.4786
11200  16.5383
11200  16.5965
11200  16.6532
11200  16.7124
11200  16.7701
11200  16.8277
11200  16.8865
11200  16.9451
11200  17.0022
11200  17.0577
11200  17.1159
11200  17.1739
11200  17.2304
11200  17.2853
11200  17.3443
11200  17.4003
11200  17.4562
11200  17.5119
11200  17.5675
11200  17.6243
11200  17.681
11200  17.7361
11200  17.7911
11200  17.8459
11200  17.902
11200  17.9566
11200  18.011
11200  18.0666
11200  18.1208
11200  18.1747
11200  18.2286
11200  18.2837
11200  18.3372
11200  18.3906
11200  18.4453
11200  18.4985
11200  18.55
11200  18.6043
11200  18.657
11200  18.7096
11200  18.7635
11200  18.8172
11200  18.8694
11200  18.9185
11200  18.9718
11200  19.0236
11200  19.0767
11200  19.1282
11200  19.181
11200  19.2308
11200  19.2833
11200  19.3358
11200  19.3851
11200  19.4388
11200  19.4879
11200  19.5398
11200  19.5916
11200  19.6418
11200  19.6918
11200  19.7433
11200  19.7931
11200  19.8428
11200  19.8923
11200  19.9417
11200  19.9925
11200  20.0417
11200  20.0893
11200  20.1412
11200  20.19
11200  20.2387
11200  20.2873
11200  20.3372
11200  20.3871
11200  20.4353
11200  20.4833
11200  20.5313
11200  20.5807
11200  20.6284
11200  20.676
11200  20.7235
11200  20.7724
11200  20.8196
11200  20.8683
11200  20.9153
11200  20.9622
11200  21.009
11200  21.0572
11200  21.1038
11200  21.1502
11200  21.1966
11200  21.2443
11200  21.2904
11200  21.3349
11200  21.3823
11200  21.4296
11200  21.4737
11200  21.5223
11200  21.5678
11200  21.6131
11200  21.6583
11200  21.705
11200  21.75
11200  21.7949
11200  21.8412
11200  21.8859
