7200  25.6663
7200  26.0116
7200  26.3653
7200  26.7035
7200  27.1248
7200  27.2887
7200  27.61
7200  27.8716
7200  28.0992
7200  28.3861
7200  28.6853
7200  28.9742
7200  29.2308
7200  29.5008
7200  29.7398
7200  30.0366
7200  30.2812
7200  30.5615
7200  30.8339
7200  30.9917
7200  31.2712
7200  31.4592
7200  31.6832
7200  31.9218
7200  32.1337
7200  32.3604
7200  32.5407
7200  32.7767
7200  32.967
7200  33.0728
7200  33.2937
7200  33.5294
7200  33.7013
7200  33.8497
7200  33.9751
7200  33.9833
7200  34.1222
7200  34.2764
7200  34.4456
7200  34.6113
7200  34.7918
7200  34.914
7200  35.0877
7200  35.258
7200  35.4072
7200  35.589
7200  35.732
7200  35.7318
7200  35.818
7200  35.8852
7200  36.019
7200  36.1842
7200  36.3636
7200  36.5065
7200  36.6804
7200  36.8517
7200  36.9536
7200  37.1033
7200  37.2506
7200  37.3955
7200  37.5382
7200  37.6786
7200  37.8169
7200  37.9855
7200  38.0711
7200  38.1391
7200  38.3014
7200  38.398
7200  38.5246
7200  38.6808
7200  38.8192
7200  38.9558
7200  39.075
7200  39.2079
7200  39.3546
7200  39.7325
7200  40.0628
7200  40.203
7200  40.2945
7200  40.4468
7200  40.5819
7200  40.6999
7200  40.8009
7200  40.9467
7200  41.0601
7200  41.1721
7200  41.2675
7200  41.4071
7200  41.5149
7200  41.6214
7200  41.7416
7200  41.8455
7200  41.9481
7200  42.0495
7200  42.1496
7200  42.2634
7200  42.3611
7200  42.4724
7200  42.5532
7200  42.6621
7200  42.7553
7200  42.862
7200  42.953
7200  42.5883
7200  42.8195
7200  43.1347
7200  43.4639
7200  43.7788
7200  44.108
7200  44.4225
7200  44.7516
7200  45.0658
7200  45.3947
7200  45.7086
7200  46.0375
7200  46.3511
7200  46.6798
7200  46.9931
7200  47.3217
7200  47.6503
7200  47.9632
7200  48.2759
7200  48.6043
7200  48.9327
7200  49.2287
7200  49.5569
7200  49.8688
7200  50.1969
7200  50.5084
7200  50.8363
7200  51.1643
7200  51.4754
7200  51.8033
7200  52.1311
7200  52.4418
7200  52.7696
7200  53.0799
7200  53.4076
7200  53.7353
7200  54.0452
7200  54.3727
7200  54.7003
7200  55.0098
7200  55.3373
7200  55.6647
7200  55.9921
7200  56.3011
7200  56.6099
7200  56.9372
7200  57.2644
7200  57.5916
7200  57.9188
7200  58.227
7200  58.5541
7200  58.8813
7200  59.189
7200  59.516
7200  59.8235
7200  60.1504
7200  60.4773
7200  60.8042
7200  61.1111
7200  61.4379
7200  61.7647
7200  62.0712
7200  62.3979
7200  62.7246
7200  63.0307
7200  63.3573
7200  63.6631
7200  63.9896
7200  64.295
7200  64.6214
7200  64.9478
7200  65.2742
7200  65.5791
7200  65.9054
7200  66.2316
7200  66.5362
7200  66.8624
7200  67.1885
7200  67.5147
7200  67.8187
7200  68.1448
7200  68.4708
7200  68.7744
7200  69.1004
7200  69.4263
7200  69.7523
7200  70.0782
7200  70.3812
7200  70.7071
7200  71.0098
7200  71.3355
7200  71.6379
7200  71.9635
7200  72.2892
7200  72.5911
7200  72.9167
7200  73.2184
7200  73.5438
7200  73.8692
7200  74.1946
7200  74.4958
7200  74.8211
7200  75.122
7200  75.4472
7200  75.7724
7200  76.0976
7200  76.3979
7200  76.723
7200  77.0481
7200  77.3732
7200  77.6731
7200  77.9981
7200  78.323
7200  78.648
7200  78.973
7200  79.2723
7200  79.5713
7200  79.8701
7200  80.1948
7200  80.5195
7200  80.8179
7200  81.1425
7200  81.4671
7200  81.7916
7200  82.0896
7200  82.414
7200  82.7385
7200  83.036
7200  83.3604
7200  83.6576
7200  83.9818
7200  84.3061
7200  84.6304
7200  84.9271
7200  85.2512
7200  85.5754
7200  85.8995
7200  86.1957
7200  86.5198
7200  86.8438
7200  87.1679
7200  87.4636
7200  87.4476
7200  87.7419
7200  88.0645
7200  88.3871
7200  88.6811
7200  89.0035
7200  89.326
7200  89.6196
7200  89.942
7200  90.2643
7200  90.5867
7200  90.8798
7200  91.2021
7200  91.4948
7200  91.817
7200  92.1392
7200  92.4613
7200  92.7536
7200  93.0757
7200  93.3977
7200  93.7198
7200  94.0116
7200  94.3335
7200  94.6555
7200  94.9775
7200  95.2994
7200  95.5906
7200  95.9125
7200  96.2343
7200  96.5562
7200  96.878
7200  97.1686
7200  97.4903
7200  97.8121
7200  98.1338
7200  98.4556
7200  98.7456
7200  99.0672
7200  99.3889
7200  99.7105
7200  100
7200  100.322
7200  100.643
7200  100.932
7200  101.221
7200  101.542
7200  101.831
7200  102.152
7200  102.473
7200  102.762
7200  103.083
7200  103.404
7200  103.725
7200  104.013
7200  104.334
7200  104.655
7200  104.942
7200  105.263
7200  105.584
7200  105.905
7200  106.192
7200  106.513
7200  106.833
7200  107.12
7200  107.441
7200  107.761
7200  108.082
7200  108.368
7200  108.689
7200  108.974
7200  109.295
7200  109.615
7200  109.901
7200  110.221
7200  110.506
7200  110.791
7200  111.111
7200  111.396
7200  111.716
7200  112.036
7200  112.32
7200  112.64
7200  112.96
7200  113.244
7200  113.564
7200  113.884
7200  114.203
7200  114.487
7200  114.807
7200  115.126
7200  115.409
7200  115.729
7200  116.049
7200  116.368
7200  116.651
7200  116.933
7200  117.252
7200  117.572
7200  117.854
7200  118.173
7200  118.492
7200  118.812
7200  119.093
7200  119.413
7200  119.694
7200  120.013
7200  120.332
7200  120.613
7200  120.932
7200  121.251
7200  121.57
7200  121.889
7200  122.208
7200  122.488
7200  122.807
7200  123.126
7200  123.406
7200  123.724
7200  124.004
7200  124.323
7200  124.641
7200  124.96
7200  125.239
7200  125.558
7200  125.876
7200  126.195
7200  126.514
7200  126.792
7200  127.111
7200  127.429
7200  127.748
7200  128.066
7200  128.344
7200  128.662
7200  128.981
7200  129.299
7200  129.577
7200  129.895
7200  130.213
7200  130.532
7200  130.808
7200  131.127
7200  131.445
7200  131.763
7200  132.039
7200  132.358
7200  132.634
7200  132.952
7200  133.27
7200  133.588
7200  133.863
7200  134.181
7200  134.499
7200  134.774
7200  135.092
7200  135.367
7200  135.685
7200  136.003
7200  136.32
7200  136.638
7200  136.956
7200  137.23
7200  137.548
7200  137.865
7200  138.183
7200  138.457
7200  136.862
7200  136.832
7200  136.166
7200  136.012
7200  135.609
7200  135.168
7200  134.773
7200  134.464
7200  134.077
7200  133.613
7200  132.759
7200  132.27
7200  131.904
7200  131.579
7200  131.219
7200  130.863
7200  130.548
7200  130.198
7200  129.889
7200  129.545
7200  129.169
7200  128.869
7200  128.535
7200  128.205
7200  127.913
7200  127.483
7200  127.268
7200  126.984
7200  126.668
7200  126.356
7200  126.012
7200  125.773
7200  125.502
7200  125.166
7200  124.901
7200  124.604
7200  124.31
7200  124.051
7200  123.762
7200  123.476
7200  123.129
7200  122.942
7200  122.632
7200  122.355
7200  122.081
7200  121.871
7200  121.601
7200  121.334
7200  121.099
7200  120.835
7200  120.574
