5600  48.4966
5600  47.0046
5600  45.5741
5600  44.2404
5600  42.8912
5600  41.7933
5600  40.7866
5600  39.8323
5600  39.0047
5600  38.3117
5600  37.6176
5600  36.9921
5600  36.4921
5600  35.9384
5600  35.3787
5600  34.8152
5600  34.4108
5600  33.8897
5600  33.4317
5600  33.1094
5600  32.7869
5600  32.4349
5600  32.1429
5600  31.8083
5600  31.5565
5600  31.3283
5600  30.9825
5600  30.7018
5600  30.5045
5600  30.2103
5600  30.0188
5600  29.6812
5600  29.4118
5600  29.2254
5600  28.9955
5600  28.794
5600  28.5714
5600  28.4407
5600  28.2413
5600  28.1023
5600  27.9416
5600  27.7608
5600  27.6028
5600  27.4579
5600  27.2464
5600  27.1429
5600  27.027
5600  26.9145
5600  26.8199
5600  26.7351
5600  26.6241
5600  26.5092
5600  26.3907
5600  26.2956
5600  26.1833
5600  26.0675
5600  25.9804
5600  25.9205
5600  25.8497
5600  25.7561
5600  25.641
5600  25.5878
5600  25.5067
5600  25.4333
5600  25.339
5600  25.2747
5600  25.2174
5600  25.1235
5600  25.0584
5600  24.9843
5600  24.8963
5600  24.8052
5600  24.7164
5600  24.6148
5600  24.5593
5600  24.4858
5600  24.4281
5600  24.3622
5600  24.3254
5600  24.2436
5600  24.186
5600  24.1386
5600  24.0744
5600  24.0072
5600  23.9414
5600  23.9192
5600  23.8638
5600  23.8427
5600  23.789
5600  23.7607
5600  23.7168
5600  23.6895
5600  23.6116
5600  23.5779
5600  23.5448
5600  23.5046
5600  23.4689
5600  23.43
5600  23.3881
5600  23.3652
5600  23.3354
5600  23.2881
5600  23.2523
5600  23.217
5600  23.1998
5600  23.1343
5600  23.1111
5600  23.0408
5600  23.0186
5600  22.9769
5600  22.9391
5600  22.9247
5600  22.9105
5600  22.8644
5600  22.8095
5600  22.7869
5600  22.7553
5600  22.6995
5600  22.6476
5600  22.6299
5600  22.6094
5600  22.5772
5600  22.5249
5600  22.4792
5600  22.6062
5600  22.6978
5600  22.7802
5600  22.8594
5600  22.9381
5600  23.0195
5600  23.0977
5600  23.1724
5600  23.2528
5600  23.3329
5600  23.4097
5600  23.4861
5600  23.5622
5600  23.641
5600  23.7134
5600  23.7915
5600  23.8693
5600  23.9408
5600  24.015
5600  24.0919
5600  24.1654
5600  24.2417
5600  24.3146
5600  24.3842
5600  24.4595
5600  24.5316
5600  24.6063
5600  24.6777
5600  24.7488
5600  24.8257
