560  56.7164
560  56.8627
560  56.9498
560  57.0342
560  56.903
560  57.0377
560  57.0652
560  57.2451
560  57.168
560  57.3414
560  57.1185
560  57.1909
560  57.5
560  57.1429
560  57.0281
560  57.4621
560  57.4351
560  57.5428
560  57.5153
560  57.4018
560  57.7211
560  57.5221
560  57.7908
560  57.3888
560  57.6512
560  57.5035
560  57.7994
560  57.6923
560  57.8625
560  57.6021
560  57.8073
560  57.9329
560  57.8674
560  57.9524
560  57.8145
560  57.7527
560  58.0524
560  57.9174
560  58.1395
560  57.971
560  58.1535
560  57.9196
560  58.0986
560  57.9039
560  58.1128
560  58.1528
560  57.9955
560  58.2307
560  58.1074
560  58.2738
560  58.089
560  58.2839
560  58.1954
560  58.2936
560  58.1761
560  58.2726
560  58.2174
560  58.2822
560  58.3756
560  58.2622
560  58.2379
560  58.4158
560  58.3333
560  58.309
560  58.4259
560  58.2895
560  58.2386
560  58.463
560  58.3839
560  58.4958
560  58.3908
560  58.5544
560  58.3975
560  58.6114
560  58.5083
560  58.4329
560  58.5645
560  58.4133
560  58.5429
560  58.3691
560  58.497
560  58.5242
560  58.5756
560  58.4063
560  58.482
560  58.5326
560  58.5825
560  58.6319
560  58.4206
560  58.4468
560  58.5891
560  58.7069
560  58.6153
560  58.5709
560  58.6636
560  58.7553
560  58.6656
560  58.6443
560  58.579
560  58.6687
560  58.6697
560  58.6271
560  58.7583
560  58.6725
560  58.7806
560  58.6107
560  58.7387
560  58.7393
560  58.698
560  58.8027
560  58.7408
560  58.7207
560  58.844
560  58.7625
560  58.8033
560  58.8034
560  58.7836
560  58.8036
560  58.7248
560  58.8432
560  58.8235
560  58.8235
560  58.8622
560  58.7084
560  58.7281
560  58.8235
560  58.9182
560  58.8235
560  58.7861
560  58.8421
560  58.9348
560  58.75
560  58.8602
560  58.9147
560  58.8961
560  58.8957
560  58.8953
560  58.8057
560  58.9124
560  58.8412
560  58.8587
560  58.9812
560  58.8235
560  58.9623
560  58.9097
560  58.875
560  58.9773
560  58.8405
560  58.908
560  58.9751
560  58.9576
560  58.9736
560  58.9729
560  58.9722
560  58.955
560  59.0529
560  58.9701
560  59.0345
560  58.9849
560  59.081
560  58.9034
560  58.9508
560  59.0296
560  58.9338
560  59.012
560  59.0426
560  59.0416
560  58.9629
560  59.0396
560  59.0387
560  59.0377
560  59.0215
560  59.112
560  59.0349
560  59.0642
560  59.0932
560  59.0471
560  59.1058
560  59.0304
560  59.0886
560  59.0728
560  59.0864
560  59.0561
560  59.0261
560  59.0686
560  59.082
560  59.081
560  59.0942
560  59.1216
560  59.0636
560  59.0909
560  59.1462
560  59.0747
560  59.1017
560  59.1563
560  59.1272
560  59.126
560  59.1248
560  59.1099
560  59.1224
560  59.1484
560  59.1472
560  59.1324
560  59.1581
560  59.13
560  59.1556
560  59.1144
560  59.1398
560  59.1914
560  59.1505
560  59.1624
560  59.2134
560  59.1339
560  59.2105
560  59.1445
560  59.1819
560  59.1678
560  59.2304
560  59.1652
560  59.2275
560  59.1501
560  59.1615
560  59.2482
560  59.1841
560  59.2078
560  59.2064
560  59.1803
560  59.2284
560  59.2023
560  59.2133
560  59.2119
560  59.2105
560  59.2213
560  59.2199
560  59.2186
560  59.2412
560  59.2039
560  59.2622
560  59.2251
560  59.2
560  59.2341
560  59.2328
560  59.2196
560  59.2534
560  59.217
560  59.2971
560  59.2839
560  59.2477
560  59.2463
560  59.2334
560  59.2435
560  59.265
560  59.2294
560  59.1942
560  59.2946
560  59.2593
560  59.2354
560  59.2341
560  59.322
560  59.2648
560  59.2967
560  59.2289
560  59.2827
560  59.2702
560  59.2142
560  59.2893
560  59.2769
560  59.3081
560  59.2741
560  59.2727
560  59.2928
560  59.2807
560  59.3113
560  59.2885
560  59.3296
560  59.2645
560  59.316
560  59.2934
560  59.3446
560  59.2697
560  59.3205
560  59.2878
560  59.3591
560  59.2954
560  59.3353
560  59.2926
560  59.3631
560  59.2797
560  59.3293
560  59.3177
560  59.3467
560  59.3148
560  59.3235
560  59.3421
560  59.3306
560  59.3192
560  59.3377
560  59.3164
560  59.3249
560  59.3234
560  59.3418
560  59.3108
560  59.3683
560  59.3276
560  59.336
560  59.3735
560  59.3428
560  59.3607
560  59.3399
560  59.3867
560  59.3467
560  59.3453
560  59.3438
560  59.39
560  59.3505
560  59.3965
560  59.3477
560  59.3934
560  59.3542
560  59.3809
560  59.3514
560  59.3686
560  59.3672
560  59.3379
560  59.3828
560  59.3629
560  59.3614
560  59.36
560  59.4136
560  59.339
560  59.4014
560  59.3726
560  59.3802
560  59.3788
560  59.4044
560  59.322
560  59.3118
560  59.3821
560  59.4253
560  59.3792
560  59.4133
560  59.3145
560  59.322
560  59.356
560  59.425
560  59.3972
560  59.3957
560  59.403
560  59.3929
560  59.4349
560  59.3987
560  59.4146
560  59.3873
560  59.3945
560  59.4102
560  59.3745
560  59.4159
560  59.3974
560  59.3875
560  59.4116
560  59.4102
560  59.4088
560  59.3989
560  59.4143
560  59.3962
560  59.4534
560  59.3851
560  59.4254
560  59.4156
560  59.4391
560  59.4046
560  59.4444
560  59.4101
560  59.4333
560  59.4155
560  59.4468
560  59.429
560  59.4276
560  59.4019
560  59.4654
560  59.4315
560  59.4624
560  59.4287
560  59.4193
560  59.466
560  59.4406
560  59.4392
560  59.4378
560  59.4205
560  59.427
560  59.4652
560  59.4322
560  59.4544
560  59.4295
560  59.4673
560  59.4346
560  59.4722
560  59.4396
560  59.4694
560  59.4524
560  59.4433
560  59.4651
560  59.4483
560  59.4469
560  59.4609
560  59.4365
560  59.4886
560  59.4491
560  59.4705
560  59.4236
560  59.5435
560  59.5496
560  59.5404
560  59.5464
560  59.5524
560  59.5508
560  59.5568
560  59.5477
560  59.5537
560  59.5521
560  59.558
560  59.5564
560  59.5549
560  59.5533
560  59.5592
560  59.5576
560  59.5561
560  59.5619
560  59.5604
560  59.5588
560  59.5646
560  59.563
560  59.5543
560  59.56
560  59.5657
560  59.5642
560  59.5554
560  59.5539
560  59.5668
560  59.5581
560  59.5638
560  59.5623
560  59.5608
560  59.5593
560  59.5649
560  59.5704
560  59.5619
560  59.5674
560  59.573
560  59.5715
560  59.57
560  59.5755
560  59.567
560  59.5725
560  59.571
560  59.5695
560  59.568
560  59.5735
560  59.572
560  59.5774
560  59.5759
560  59.5676
560  59.573
560  59.5715
560  59.5769
560  59.555
560  59.574
560  59.5725
560  59.5508
560  59.5831
560  59.5749
560  59.5735
560  59.5788
560  59.584
560  59.5826
560  59.5811
560  59.573
560  59.5783
560  59.5835
560  59.582
560  59.5872
560  59.5792
560  59.558
560  59.5829
560  59.5881
560  59.5866
560  59.3637
560  59.3304
560  59.3682
560  59.3607
560  59.3662
560  59.2625
560  59.2617
560  59.2481
560  59.2664
560  59.2275
560  59.2648
560  59.245
560  59.2569
560  59.2561
560  59.2553
560  59.2545
560  59.2538
560  59.2593
560  59.2585
560  59.2577
560  59.2632
560  59.2686
560  59.2492
560  59.267
560  59.2662
560  59.2716
560  59.2708
560  59.27
560  59.2816
560  59.2746
560  59.28
560  59.2853
560  59.2845
560  59.2898
560  59.2889
560  59.2881
560  59.2934
560  59.2805
560  59.2918
560  59.297
560  59.2962
560  59.2954
560  59.2945
560  59.2937
560  59.2989
560  59.2981
560  59.2973
560  59.3024
560  59.3016
560  59.3008
560  59.3
560  59.3051
560  59.2984
560  59.3094
560  59.3027
560  59.3077
560  59.3069
560  59.312
560  59.3053
560  59.3103
560  59.3095
560  59.3145
560  59.3079
560  59.3071
560  59.3179
560  59.3171
560  59.322
560  59.2751
560  59.3204
560  59.3196
560  59.3245
560  59.3237
560  59.3229
560  59.322
560  59.3212
560  59.3261
560  59.3253
560  59.3301
560  59.318
560  59.3285
560  59.322
560  59.3325
560  59.3148
560  59.3365
560  59.3301
560  59.3292
560  59.334
560  59.3332
560  59.338
560  59.3372
560  59.3308
560  59.3355
560  59.3347
560  59.3394
560  59.3386
560  59.3378
560  59.3425
560  59.3307
560  59.3409
560  59.34
560  59.3447
560  59.3494
560  59.3485
560  59.3477
560  59.3469
560  59.3461
560  59.3507
560  59.3499
560  59.3545
560  59.3483
560  59.3528
560  59.352
560  59.362
560  59.3504
560  59.3603
560  59.3541
560  59.3159
560  59.3632
560  59.3517
560  59.3562
560  59.3554
560  59.3599
560  59.3591
560  59.353
560  59.3628
560  59.3567
560  59.3611
560  59.3603
560  59.3543
560  59.364
560  59.3631
560  59.3623
560  59.3668
560  59.3659
560  59.3651
560  59.3695
560  59.3635
560  59.3731
560  59.3723
560  59.3715
560  59.3707
560  59.3698
560  59.3742
560  59.3682
560  59.3726
560  59.3769
560  59.3761
560  59.3753
560  59.3694
560  59.3737
560  59.3779
560  59.3822
560  59.3763
560  59.3857
560  59.3849
560  59.379
560  59.3832
560  59.3875
560  59.3766
560  59.3808
560  59.39
560  59.3892
560  59.3934
560  59.3477
560  59.3918
560  59.376
560  59.3753
560  59.3844
560  59.3836
560  59.3779
560  59.382
560  59.3812
560  59.3854
560  59.3846
560  59.3838
560  59.3781
560  59.3822
560  59.3863
560  59.3856
560  59.3848
560  59.3986
560  59.3881
560  59.3873
560  59.3865
560  59.3809
560  59.3849
560  59.3842
560  59.3882
560  59.3874
560  59.3867
560  59.3907
560  59.3947
560  59.3939
560  59.3932
560  59.402
560  59.3964
560  59.4051
560  59.3996
560  59.4083
560  59.4028
560  59.402
560  59.4107
560  59.4052
560  59.3996
560  59.4083
560  59.4122
560  59.402
560  59.4154
560  59.4099
560  59.4138
560  59.4177
560  59.4122
560  59.4161
560  59.4153
560  59.4192
560  59.4137
560  59.4129
560  59.4214
560  59.4114
560  59.4198
560  59.419
560  59.4183
560  59.4221
560  59.4259
560  59.4251
560  59.4243
560  59.4281
560  59.4228
560  59.4265
560  59.4258
560  59.425
560  59.4242
560  59.4325
560  59.4226
560  59.4264
560  59.4301
560  59.4248
560  59.4286
560  59.4323
560  59.4315
560  59.4307
560  59.4345
560  59.4337
560  59.4374
560  59.4366
560  59.4358
560  59.435
560  59.4387
560  59.429
560  59.4371
560  59.4408
560  59.44
560  59.4348
560  59.4385
560  59.4421
560  59.4413
560  59.4361
560  59.4442
560  59.4434
560  59.4426
560  59.4419
560  59.4455
560  59.4447
560  59.4395
560  59.4475
560  59.4467
560  59.4503
560  59.4452
560  59.4444
560  59.4349
560  59.4472
560  59.4464
560  59.45
560  59.4492
560  59.4484
560  59.4477
560  59.4512
560  59.4504
560  59.4454
560  59.4489
560  59.4524
560  59.4517
560  59.4552
560  59.4544
560  59.4408
560  59.4486
560  59.4564
560  59.4556
560  59.4591
560  59.4583
560  59.4575
560  59.4313
560  59.4518
560  59.4425
560  59.4502
560  59.4495
560  59.4572
560  59.4606
560  59.4556
560  59.4591
560  59.4583
560  59.4617
560  59.4568
560  59.4602
560  59.4636
560  59.4629
560  59.4621
560  59.4655
560  59.4647
560  59.464
560  59.4674
560  59.4708
560  59.47
560  59.4444
560  59.4643
560  59.4677
560  59.4669
560  59.4662
560  59.4695
560  59.4688
560  59.4721
560  59.4714
560  59.4706
560  59.4739
560  59.4609
560  59.4724
560  59.4676
560  59.4709
560  59.4702
560  59.4735
560  59.4768
560  59.476
560  59.4753
560  59.4745
560  59.4738
560  59.477
560  59.4763
560  59.4796
560  59.4788
560  59.47
560  59.4773
560  59.4806
560  59.4518
560  59.4791
560  59.4783
560  59.4776
560  59.4808
560  59.4801
560  59.4793
560  59.4825
560  59.4818
560  59.481
560  59.4803
560  59.4796
560  59.4749
560  59.482
560  59.4813
560  59.4845
560  59.4877
560  59.483
560  59.4862
560  59.4854
560  59.4886
560  59.4879
560  59.4832
560  59.4903
560  59.4895
560  59.4888
560  59.4881
560  59.4834
560  59.4905
560  59.4897
560  59.489
560  59.4921
560  59.4914
560  59.4906
560  59.4784
560  59.493
560  59.4923
560  59.4915
560  59.4908
560  59.4901
560  59.497
560  59.4925
560  59.4879
560  59.4948
560  59.4941
560  59.4972
560  59.4964
560  59.4957
560  59.4988
560  59.498
560  59.4973
560  59.5003
560  59.4996
560  59.4989
560  59.5019
560  59.5012
560  59.5005
560  59.496
560  59.5028
560  59.502
560  59.4976
560  59.5043
560  59.5036
560  59.5029
560  59.5059
560  59.5052
560  59.5044
560  59.5
560  59.5067
560  59.506
560  59.5053
560  59.5082
560  59.5001
560  59.5068
560  59.5061
560  59.5091
560  59.5083
560  59.5076
560  59.5069
560  59.5062
560  59.5055
560  59.5084
560  59.5077
560  59.5106
560  59.5099
560  59.5092
560  59.5121
560  59.5041
560  59.5107
560  59.5136
560  59.5129
560  59.5122
560  59.5151
560  59.518
560  59.5101
560  59.5166
560  59.5159
560  59.5152
560  59.5144
560  59.5173
560  59.5166
560  59.5159
560  59.5116
560  59.5181
560  59.5174
560  59.5167
560  59.5195
560  59.5188
560  59.5181
560  59.5174
560  59.5202
560  59.5195
560  59.5224
560  59.5217
560  59.5174
560  59.5203
560  59.5231
560  59.5189
560  59.5182
560  59.5245
560  59.5238
560  59.5231
560  59.5189
560  59.5252
560  59.5245
560  59.5238
560  59.5196
560  59.5224
560  59.5252
560  59.5245
560  59.5238
560  59.5266
560  59.5189
560  59.5217
560  59.528
560  59.5238
560  59.5231
560  59.5259
560  59.5287
560  59.5245
560  59.5273
560  59.53
560  59.5293
560  59.5286
560  59.5314
560  59.5307
560  59.53
560  59.5327
560  59.5286
560  59.5313
560  59.5341
560  59.5334
560  59.5293
560  59.532
560  59.5347
560  59.5306
560  59.5333
560  59.5361
560  59.5354
560  59.5347
560  59.534
560  59.5367
560  59.536
560  59.5319
560  59.5346
560  59.5373
560  59.5366
560  59.5359
560  59.5386
560  59.5379
560  59.5372
560  59.5399
560  59.5392
560  59.5385
560  59.5379
560  59.5372
560  59.5365
560  59.5392
560  59.5351
560  59.5411
560  59.5404
560  59.5398
560  59.5424
560  59.5417
560  59.541
560  59.5404
560  59.543
560  59.5456
560  59.5416
560  59.541
560  59.5436
560  59.5429
560  59.5422
560  59.5383
560  59.5442
560  59.5435
560  59.5461
560  59.5454
560  59.5448
560  59.5474
560  59.5401
560  59.5329
560  59.5453
560  59.5479
560  59.5472
560  59.5466
560  59.5492
560  59.5485
560  59.5446
560  59.5471
560  59.5497
560  59.549
560  59.5484
560  59.5509
560  59.5503
560  59.5496
560  59.5521
560  59.5515
560  59.5508
560  59.5469
560  59.5527
560  59.552
560  59.5513
560  59.5475
560  59.5532
560  59.5494
560  59.5519
560  59.5544
560  59.5537
560  59.5531
560  59.5556
560  59.5518
560  59.5543
560  59.5568
560  59.5561
560  59.5586
560  59.5548
560  59.5573
560  59.5535
560  59.556
560  59.5553
560  59.5578
560  59.5572
560  59.5565
560  59.5558
560  59.5583
560  59.5577
560  59.557
560  59.5595
560  59.5557
560  59.5363
560  59.5575
560  59.56
560  59.5562
560  59.5462
560  59.53
560  59.5605
560  59.5567
560  59.553
560  59.5616
560  59.5486
560  59.5603
560  59.5628
560  59.5621
560  59.5615
560  59.5639
560  59.5602
560  59.5595
560  59.5589
560  59.5644
560  59.5545
560  59.56
560  59.5624
560  59.5648
560  59.5642
560  59.5635
560  59.566
560  59.5623
560  59.5647
560  59.564
560  59.5664
560  59.5658
560  59.5682
560  59.5584
560  59.5638
560  59.5662
560  59.5656
560  59.565
560  59.5704
560  59.5667
560  59.557
560  59.5564
560  59.5678
560  59.5702
560  59.5695
560  59.5719
560  59.5712
560  59.5706
560  59.564
560  59.5693
560  59.5717
560  59.571
560  59.5704
560  59.5698
560  59.5691
560  59.5715
560  59.5708
560  59.5702
560  59.5726
560  59.5719
560  59.5713
560  59.5766
560  59.5641
560  59.5546
560  59.5717
560  59.574
560  59.5734
560  59.5728
560  59.5722
560  59.5745
560  59.5768
560  59.5703
560  59.5755
560  59.5719
560  59.5743
560  59.5736
560  59.5759
560  59.5782
560  59.5776
560  59.5741
560  59.5763
560  59.5786
560  59.5751
560  59.5774
560  59.5797
560  59.579
560  59.5784
560  59.5778
560  59.5772
560  59.5794
560  59.5759
560  59.5753
560  59.5776
560  59.5798
560  59.5763
560  59.5786
560  59.578
560  59.5802
560  59.5796
560  59.579
560  59.5784
560  59.5835
560  59.58
560  59.5794
560  59.5816
560  59.581
560  59.5833
560  59.5826
560  59.5849
560  59.5785
560  59.5808
560  59.5859
560  59.5852
560  59.5818
560  59.567
560  59.5862
560  59.5714
560  59.585
560  59.5901
560  59.5894
560  59.5803
560  59.591
560  59.5876
560  59.587
560  59.5864
560  59.5914
560  59.5908
560  59.5901
560  59.5895
560  59.5917
560  59.5799
560  59.5821
560  59.5899
560  59.5893
560  59.5887
560  59.5908
560  59.593
560  59.3699
560  59.4166
560  59.4438
560  59.4516
560  59.4539
560  59.4562
560  59.4557
560  59.4552
560  59.4547
560  59.457
560  59.4565
