2800  57.5397
2800  57.561
2800  57.5816
2800  57.4388
2800  57.6744
2800  57.6395
2800  57.6577
2800  57.8292
2800  57.844
2800  57.8085
2800  57.9216
2800  57.9345
2800  57.947
2800  57.9592
2800  57.971
2800  58.0286
2800  58.0392
2800  58.0495
2800  58.0153
2800  58.1132
2800  58.1222
2800  58.131
2800  58.1395
2800  58.1897
2800  58.1973
2800  58.2456
2800  58.2121
2800  58.2192
2800  58.2656
2800  58.2719
2800  58.3168
2800  58.3224
2800  58.3279
2800  58.3708
2800  58.3756
2800  58.3804
2800  58.3851
2800  58.3897
2800  58.4653
2800  58.4337
2800  58.4377
2800  58.4761
2800  58.5138
2800  58.5168
2800  58.5198
2800  58.556
2800  58.5586
2800  58.5611
2800  58.5635
2800  58.566
2800  58.5366
2800  58.5707
2800  58.6354
2800  58.5752
2800  58.6387
2800  58.6404
2800  58.6118
2800  58.6735
2800  58.6451
2800  58.676
2800  58.6773
2800  58.7074
2800  58.7084
2800  58.7094
2800  58.7386
2800  58.7112
2800  58.7678
2800  58.7682
2800  58.7687
2800  58.7963
2800  58.7965
2800  58.7967
2800  57.5986
2800  57.5066
2800  57.2917
2800  57.2289
2800  56.9244
2800  56.6513
2800  56.5254
2800  56.4018
2800  56.2118
2800  56.071
2800  55.8659
2800  55.6433
2800  55.5338
2800  55.3834
2800  55.3208
2800  55.0912
2800  54.9699
2800  54.9122
2800  54.7945
2800  54.7593
2800  54.6647
2800  54.552
2800  54.4803
2800  54.3517
2800  54.1872
2800  53.8756
2800  53.8488
2800  53.8224
2800  53.705
2800  53.4095
2800  53.3156
2800  53.2407
2800  53.167
2800  52.9565
2800  52.7671
2800  52.7494
2800  52.7151
2800  52.6648
2800  52.5822
2800  52.5334
2800  52.4529
2800  52.3897
2800  52.3592
2800  52.2975
2800  52.2366
2800  52.0678
2800  52.0556
2800  51.9824
2800  51.9708
2800  51.809
2800  51.7093
2800  51.67
2800  51.6166
2800  51.5929
2800  51.5551
2800  51.4461
2800  51.4096
2800  51.3032
2800  51.296
2800  51.2473
2800  51.1991
2800  51.1653
2800  51.1591
2800  51.0312
2800  50.9186
2800  50.9271
2800  50.9356
2800  50.9044
2800  50.8214
2800  50.8042
2800  50.7872
2800  50.7704
2800  50.741
2800  50.712
2800  50.6078
2800  50.5673
2800  50.515
2800  50.414
2800  50.3632
2800  50.2404
2800  50.2272
2800  50.2022
2800  50.2132
2800  50.224
2800  50.1523
2800  50.0815
2800  50.0812
2800  50.0461
2800  50
2800  49.9202
2800  49.8866
2800  49.8421
2800  49.8093
2800  49.7768
2800  49.7446
2800  49.6908
2800  49.6485
2800  49.6283
2800  49.63
2800  49.6316
2800  49.5903
2800  49.6027
2800  49.5621
2800  49.5218
2800  49.4924
2800  49.4633
2800  49.3827
2800  49.3544
2800  49.306
2800  49.258
2800  49.2207
2800  49.1536
2800  49.1271
2800  49.1306
2800  49.1242
2800  49.108
2800  49.0137
2800  48.9885
2800  48.9635
2800  48.9387
2800  48.7995
2800  48.7379
2800  48.7333
2800  48.7194
2800  48.6963
2800  48.6827
2800  48.6877
2800  48.6742
2800  48.8544
2800  49.0066
2800  49.0381
2800  49.0694
2800  49.1004
2800  49.1405
2800  49.1712
2800  49.2016
2800  49.241
2800  49.2711
2800  49.301
2800  49.3306
2800  49.3692
2800  49.3985
2800  49.4276
2800  49.4565
2800  49.4763
2800  49.5228
2800  49.5512
2800  49.5794
2800  49.6074
2800  49.6353
2800  49.6718
2800  49.6993
2800  49.7267
2800  49.7714
2800  49.7984
2800  49.8165
2800  49.8518
2800  49.887
2800  49.9133
2800  49.9395
2800  49.9742
2800  50
