11200  53.9461
11200  54.1872
11200  54.4747
11200  54.5455
11200  45.4545
11200  39.9188
11200  35.8209
11200  32.5333
11200  29.4257
11200  27.1786
11200  24.9513
11200  23.4996
11200  22.2973
11200  21.2631
11200  20.3898
11200  19.5911
11200  18.8628
11200  18.0984
11200  17.48
11200  16.8903
11200  16.3391
11200  15.8428
11200  15.3908
11200  14.9631
11200  14.6177
11200  14.278
11200  13.9519
11200  13.6571
11200  13.4448
11200  13.2124
11200  12.971
11200  12.7265
11200  12.4782
11200  12.2535
11200  12.068
11200  11.9064
11200  11.7586
11200  11.6086
11200  11.4642
11200  11.3056
11200  11.1401
11200  10.9725
11200  10.823
11200  10.6805
11200  10.5376
11200  10.4145
11200  10.5186
11200  10.6126
11200  10.6986
11200  10.7853
11200  10.8707
11200  10.9558
11200  11.0405
11200  11.1261
11200  11.2103
11200  11.2942
11200  11.3789
11200  11.461
11200  11.5452
11200  11.6279
11200  11.7115
11200  11.7937
11200  11.8755
11200  11.9583
11200  12.0396
11200  12.1206
