28000  21.6535
28000  22.2222
28000  22.8354
28000  23.4742
28000  24.0518
28000  24.5678
28000  25.1121
28000  25.6184
28000  26.1097
28000  26.6094
28000  27.0728
28000  27.5459
28000  27.9835
28000  28.4322
28000  28.8462
28000  29.249
28000  29.6412
28000  30.0231
28000  30.4183
28000  30.7808
28000  31.1342
28000  31.5018
28000  31.8149
28000  32.1429
28000  32.4859
28000  32.7983
28000  33.1263
28000  33.4243
28000  33.7382
28000  34.0227
28000  34.3008
28000  34.5727
28000  34.8387
28000  35.1213
28000  35.3982
28000  35.6473
28000  35.8911
28000  20.536
28000  13.7615
28000  10.9574
28000  9.12167
28000  7.87402
28000  6.93466
