7200  15.6863
7200  16.2369
7200  16.791
7200  17.3042
7200  17.4978
7200  17.9795
7200  18.4564
7200  18.8679
7200  19.2926
7200  19.7006
7200  20.0154
7200  20.362
7200  20.7715
7200  21.0756
7200  21.4133
7200  21.7544
7200  22.1147
7200  22.3881
7200  22.7273
7200  23.0415
7200  23.3161
7200  23.6422
7200  23.9596
7200  24.2688
7200  24.6154
7200  24.9392
7200  25.2556
7200  25.5344
7200  25.8368
7200  26.1172
7200  26.3459
7200  26.6289
7200  26.8607
7200  27.1468
7200  27.4424
7200  27.7174
7200  28.0022
7200  28.2667
7200  28.481
7200  28.7507
7200  28.9855
7200  29.2308
7200  29.4715
7200  29.7229
7200  29.8656
7200  30.0493
7200  30.2587
7200  30.4201
7200  30.6513
7200  30.8642
7200  31.015
7200  31.25
7200  31.4669
7200  31.6804
7200  31.8907
7200  32.0831
7200  32.3015
7200  32.5167
7200  32.7144
7200  32.9236
7200  33.1155
7200  33.3045
7200  33.5052
7200  33.7031
7200  33.9127
7200  34.1053
7200  34.2809
7200  34.4684
7200  34.6678
7200  34.7791
7200  34.9878
7200  35.1799
7200  35.313
7200  35.4158
7200  35.5731
7200  35.7423
7200  35.9515
7200  36.0605
7200  36.2794
7200  36.4543
7200  36.6133
7200  36.6868
7200  36.9254
7200  36.9955
7200  37.2301
7200  37.2969
7200  37.5
7200  37.5775
7200  37.6539
7200  37.8515
7200  38.0065
7200  38.187
7200  38.2707
7200  38.4209
7200  38.5289
7200  38.6356
7200  38.7946
7200  38.8851
7200  39.0545
7200  39.1156
7200  39.2954
7200  39.3542
7200  39.5177
7200  39.5875
7200  39.7219
7200  39.8026
7200  39.9738
7200  40.013
7200  40.1684
7200  40.2317
7200  40.3846
7200  40.4459
7200  40.5963
7200  40.6555
7200  40.7779
7200  40.8609
7200  40.9811
7200  41.0494
7200  41.1548
7200  41.2466
7200  41.35
7200  41.4649
7200  41.5287
7200  41.6292
7200  41.7163
7200  41.7902
7200  41.9003
7200  41.9601
7200  42.1053
7200  42.1389
7200  42.2821
7200  42.3265
7200  42.4069
7200  42.4865
7200  42.5773
7200  42.6674
7200  42.7326
7200  42.8212
7200  42.8969
7200  42.9601
7200  43.0939
7200  43.1082
7200  43.193
7200  43.2889
7200  43.3604
7200  43.4313
7200  43.5133
7200  43.5829
7200  43.6518
7200  43.7318
7200  43.7995
7200  43.8666
7200  43.9445
7200  44.0104
7200  44.0757
7200  44.1518
7200  44.2159
7200  44.3135
7200  44.3538
7200  44.4162
7200  44.4781
7200  44.5395
7200  44.6115
7200  44.6718
7200  44.7427
7200  44.802
7200  44.8607
7200  44.93
7200  44.9878
7200  45.045
7200  45.1128
7200  45.1691
7200  45.2249
7200  45.2912
7200  45.3461
7200  45.4005
7200  45.4545
7200  45.5189
7200  45.5827
7200  45.6354
7200  45.6876
7200  45.7501
7200  45.7909
7200  45.8525
7200  45.9031
7200  45.9639
7200  46.0137
7200  46.0526
7200  46.0809
7200  46.192
7200  46.2194
7200  46.2673
7200  46.3045
7200  46.3826
7200  46.4191
7200  46.4655
7200  46.5218
7200  46.5676
7200  46.6231
7200  46.6681
7200  46.7128
7200  46.7672
7200  46.8113
7200  46.8549
7200  46.8983
7200  46.9414
7200  46.9941
7200  47.0365
7200  47.0786
7200  47.1303
7200  47.1718
7200  47.2228
7200  47.2637
7200  47.3043
7200  47.3446
7200  47.3943
7200  47.4341
7200  47.4735
7200  47.5223
7200  47.5612
7200  47.6094
7200  47.6382
7200  47.6667
7200  47.7522
7200  47.7897
7200  47.808
7200  47.845
7200  47.8818
7200  47.9183
7200  47.964
7200  48
7200  48.0358
7200  48.0807
7200  48.1159
7200  48.151
7200  48.0751
7200  48.2112
7200  48.264
7200  48.2982
7200  48.3412
7200  48.3749
7200  48.4084
7200  48.4416
7200  48.4837
7200  48.5165
7200  48.5491
7200  48.5905
7200  48.6227
7200  48.6457
7200  48.7043
7200  48.7269
7200  48.7582
7200  48.7894
7200  48.8203
7200  48.8599
7200  48.8905
7200  48.9209
7200  48.9423
7200  48.9898
7200  49.0196
7200  49.0579
7200  49.0787
7200  49.1253
7200  49.1543
7200  49.1832
7200  49.2119
7200  49.249
7200  49.2774
7200  49.3141
7200  49.3421
7200  49.3699
7200  49.3976
7200  49.4251
7200  49.4609
7200  49.4881
7200  49.5151
7200  49.5503
7200  49.577
7200  49.6035
7200  49.6382
7200  49.6644
7200  49.6905
7200  49.7164
7200  49.7504
7200  49.776
7200  49.8097
7200  49.835
7200  49.8519
7200  49.8524
7200  49.91
7200  49.9429
7200  49.9674
7200  50
7200  50.0243
7200  50.0484
7200  50.0805
7200  50.1044
7200  50.1362
7200  50.1597
7200  50.1832
7200  50.2065
7200  50.2377
7200  50.2608
7200  50.2837
7200  50.3066
7200  50.3371
7200  50.3597
7200  50.3822
7200  50.4045
7200  50.4267
7200  50.4566
7200  50.4708
7200  50.5082
7200  50.5299
7200  50.5515
7200  50.573
7200  50.602
7200  50.6233
7200  50.6521
7200  50.6655
7200  50.694
7200  50.7148
7200  50.7355
7200  50.7637
7200  50.7766
7200  50.8045
7200  50.8323
7200  50.8525
7200  50.8725
7200  50.9
7200  50.9198
7200  50.9395
7200  50.9666
7200  50.9861
7200  51.0055
7200  51.0323
7200  51.0515
7200  51.0706
7200  51.0896
7200  51.1086
7200  51.1347
7200  51.1535
7200  51.1721
7200  51.1979
7200  51.2164
7200  51.2347
7200  51.253
7200  51.2784
7200  51.2965
7200  51.3217
7200  51.3396
7200  51.3646
7200  51.3823
7200  51.3999
7200  51.4103
7200  51.4349
7200  51.4594
7200  51.4767
7200  51.501
7200  51.5181
7200  51.5351
7200  51.552
7200  51.5759
7200  51.5927
7200  51.6094
7200  51.626
7200  51.6495
7200  51.666
7200  51.6824
7200  51.7056
7200  51.7218
7200  51.7449
7200  51.754
7200  51.7769
7200  51.7928
7200  51.8155
7200  51.8313
7200  51.847
7200  51.8626
7200  51.8713
7200  51.9072
7200  51.9226
7200  51.9243
7200  51.9328
7200  51.9683
7200  51.9767
7200  52.0052
7200  52.0134
7200  52.0149
7200  52.0499
7200  52.0713
7200  52.086
7200  52.1006
7200  52.1218
7200  52.1363
7200  52.1507
7200  52.1651
7200  52.1794
7200  52.2002
7200  52.2144
7200  52.2285
7200  52.2425
7200  52.2631
7200  52.277
7200  52.2908
7200  52.3111
7200  52.3249
7200  52.345
7200  52.3586
7200  52.3722
7200  52.3856
7200  52.4055
7200  52.4189
7200  52.4322
7200  52.4518
7200  52.465
7200  52.4845
7200  52.4976
7200  52.5106
7200  52.5235
7200  52.5365
7200  52.5556
7200  52.5684
7200  52.5874
7200  52.6001
7200  52.6065
7200  52.6253
7200  52.6441
7200  52.6565
7200  52.669
7200  52.6875
7200  52.6998
7200  52.7121
7200  52.7243
7200  52.7426
7200  52.7547
7200  52.7729
7200  52.7849
7200  52.7968
7200  52.8087
7200  52.8206
7200  52.8385
7200  52.8502
7200  52.8619
7200  52.8796
7200  52.8912
7200  52.8967
7200  52.9203
7200  52.9318
7200  52.9432
7200  52.9545
7200  52.9659
7200  52.9771
7200  52.9944
7200  53.0115
7200  53.0226
7200  53.0337
7200  53.0447
7200  53.0617
7200  53.0726
7200  53.0835
7200  53.0944
7200  53.1111
7200  53.1219
7200  53.1326
7200  53.1492
7200  53.1539
7200  53.1704
7200  53.181
7200  53.1973
7200  53.2078
7200  53.224
7200  53.2344
7200  53.2448
7200  53.2551
7200  53.2654
7200  53.2756
7200  53.2915
7200  53.3017
7200  53.3175
7200  53.3276
7200  53.3376
7200  53.3533
7200  53.3633
7200  53.3732
7200  53.3831
7200  53.3986
7200  53.4084
7200  53.4011
7200  53.4278
7200  53.4375
7200  53.4528
7200  53.4624
7200  53.4776
7200  53.4815
7200  53.4966
7200  53.5061
7200  53.5211
7200  53.5305
7200  53.5399
7200  53.5492
7200  53.564
7200  53.5733
7200  53.5825
7200  53.5917
7200  53.6008
7200  53.6265
7200  53.619
7200  53.6391
7200  53.6481
7200  53.657
7200  53.666
7200  53.6804
7200  53.6838
7200  53.6981
7200  53.7123
7200  53.7211
7200  53.7298
7200  53.744
7200  53.7526
7200  53.7613
7200  53.7699
7200  53.7839
7200  53.7924
7200  53.8009
7200  53.8148
7200  53.8232
7200  53.8317
7200  53.8401
7200  53.8538
7200  53.8568
7200  53.8704
7200  53.884
7200  53.8922
7200  53.8951
7200  53.9139
7200  53.9168
7200  53.9302
7200  53.9383
7200  53.9463
7200  53.9596
7200  53.9676
7200  53.9756
7200  53.9888
7200  53.9967
7200  54.0046
7200  54.0125
7200  54.0255
7200  54.0385
7200  54.0411
7200  54.0489
7200  54.0618
7200  54.0746
7200  54.0823
7200  54.0848
7200  54.0976
7200  54.1103
7200  54.1076
7200  54.1254
7200  54.1329
7200  54.1455
7200  54.153
7200  54.1604
7200  54.1729
7200  54.1803
7200  54.1877
7200  54.2
7200  54.2073
7200  54.2146
7200  54.2219
7200  54.2342
7200  54.2414
7200  54.2485
7200  54.2557
7200  54.2678
7200  54.275
7200  54.287
7200  54.2891
7200  54.3011
7200  54.3131
7200  54.3201
7200  54.3271
7200  54.3439
7200  54.3459
7200  54.3527
7200  54.3596
7200  54.3714
7200  54.3733
7200  54.3605
7200  54.3967
7200  54.4034
7200  54.4102
7200  54.4169
7200  54.4236
7200  54.4254
7200  54.4369
7200  54.4436
7200  54.455
7200  54.4616
7200  54.4682
7200  54.4795
7200  54.4909
7200  54.4974
7200  54.5038
7200  54.5103
7200  54.5215
7200  54.5327
7200  54.5343
7200  54.5455
7200  54.5518
7200  54.5629
7200  54.5692
7200  54.5755
7200  54.5865
7200  54.5927
7200  54.5989
7200  54.6051
7200  54.6113
7200  54.6175
7200  54.6284
7200  54.6345
7200  54.6406
7200  54.6514
7200  54.6574
7200  54.6635
7200  54.6742
7200  54.6755
7200  54.6862
7200  54.6968
7200  54.7027
7200  54.7087
7200  54.7146
7200  54.7251
7200  54.731
7200  54.7368
7200  54.7427
7200  54.7485
7200  54.7589
7200  54.7647
7200  54.775
7200  54.7808
7200  54.7865
7200  54.7922
7200  54.8025
7200  54.8036
7200  54.8138
7200  54.824
7200  54.8296
7200  54.8352
7200  54.8454
7200  54.8464
7200  54.852
7200  54.862
7200  54.872
7200  54.8775
7200  54.8785
7200  54.893
7200  54.8984
7200  54.9039
7200  54.9093
7200  54.9192
7200  54.9245
7200  54.9299
7200  54.9353
7200  54.9362
7200  54.9504
7200  54.9557
7200  54.9654
7200  54.9707
7200  54.9759
7200  54.9812
7200  54.9908
7200  54.996
7200  55.0012
7200  55.0064
7200  55.0203
7200  55.0254
7200  55.0306
7200  55.0313
7200  55.0408
7200  55.0502
7200  55.0553
7200  55.0603
7200  55.0654
7200  55.0704
7200  55.0798
7200  55.0847
7200  55.0854
7200  55.0818
7200  55.0996
7200  55.1089
7200  55.1181
7200  55.1273
7200  55.1279
7200  55.1371
7200  55.1377
7200  55.1468
7200  55.1559
7200  55.1607
7200  55.1655
7200  55.1703
7200  55.1751
7200  55.1756
7200  55.1846
7200  55.1893
7200  55.2025
7200  55.203
7200  55.2119
7200  55.2208
7200  55.2171
7200  55.2259
7200  55.239
7200  55.2436
7200  55.2398
7200  55.257
7200  55.2574
7200  55.2661
7200  55.2665
7200  55.2711
7200  55.2798
7200  55.2843
7200  55.2888
7200  55.2933
7200  55.2937
7200  55.3106
7200  55.315
7200  55.3277
7200  55.3239
7200  55.3324
7200  55.3327
7200  55.3454
7200  55.3456
7200  55.35
7200  55.3585
7200  55.3669
7200  55.3631
7200  55.3715
7200  55.3839
7200  55.3882
7200  55.3925
7200  55.4009
7200  55.4051
7200  55.4053
7200  55.4136
7200  55.4219
7200  55.4261
7200  55.4303
7200  55.4345
7200  55.4386
7200  55.4468
7200  55.451
7200  55.4551
7200  55.4633
7200  55.4674
7200  55.4715
7200  55.4796
7200  55.4917
7200  55.3249
7200  55.3608
7200  55.4007
7200  55.4365
7200  55.4723
7200  55.512
7200  55.5516
7200  55.5872
7200  55.6268
7200  55.6663
7200  55.7057
7200  55.7491
7200  55.6896
7200  55.6854
7200  55.6341
7200  55.6144
7200  55.6182
7200  55.6338
7200  55.6415
7200  55.6375
7200  55.6452
7200  55.6412
7200  55.6489
7200  55.6527
7200  55.6564
7200  55.6641
7200  55.6717
7200  55.6715
7200  55.6907
7200  55.6751
7200  55.6981
7200  55.7095
7200  55.6978
7200  55.7053
7200  55.7128
7200  55.7126
7200  55.7239
7200  55.7237
7200  55.7273
7200  55.731
7200  55.7307
7200  55.742
7200  55.7494
7200  55.7606
7200  55.7527
7200  55.7753
7200  55.7674
7200  55.7671
7200  55.7782
7200  55.7818
7200  55.7853
7200  55.7963
7200  55.796
7200  55.7882
7200  55.818
7200  55.8064
7200  55.8061
7200  55.8246
7200  55.8093
7200  55.8015
7200  55.8423
7200  55.8345
7200  55.8379
7200  55.845
7200  55.8596
7200  55.8555
7200  55.8589
7200  55.8585
7200  55.8656
7200  55.8652
7200  55.8759
7200  55.8755
7200  55.8825
7200  55.8859
7200  55.8855
7200  55.9035
7200  55.8957
7200  55.9211
7200  55.9133
7200  55.9165
7200  55.9271
7200  55.923
7200  55.9226
