2400  54.741
2400  54.9133
2400  55.0807
2400  55.2952
2400  55.2995
2400  55.5556
2400  55.3078
2400  55.7029
2400  55.4593
2400  55.6507
2400  55.8376
2400  55.6941
2400  55.9211
2400  55.7801
2400  55.7325
2400  55.9055
2400  56.25
2400  55.9816
2400  56.1031
2400  56.0538
2400  56.1715
2400  56.4103
2400  56.2771
2400  56.1478
2400  56.4175
2400  56.4067
2400  56.3961
2400  56.5781
2400  56.4516
2400  56.7045
2400  56.5417
2400  56.7515
2400  56.5189
2400  56.5798
2400  56.6751
2400  56.592
2400  56.5111
2400  56.7073
2400  56.9007
2400  56.9203
2400  56.872
2400  57.0588
2400  56.7787
2400  56.962
2400  57.1429
2400  56.9656
2400  57.0789
2400  57.0953
2400  57.1429
2400  57.0342
2400  57.2354
2400  57.1887
2400  57.3248
2400  57.2178
2400  57.232
2400  57.3051
2400  57.377
2400  57.2442
2400  57.3152
2400  57.3852
2400  57.3689
2400  57.3248
2400  57.4209
2400  57.4602
2400  57.4988
2400  57.4549
2400  57.5472
2400  57.5843
2400  57.4873
2400  57.5242
2400  57.6395
2400  57.5703
2400  57.7357
2400  57.5893
2400  57.6497
2400  57.7093
2400  57.6419
2400  57.801
2400  57.5849
2400  57.6677
2400  57.774
2400  57.6357
2400  57.7889
2400  57.8203
2400  57.7558
2400  57.8106
2400  57.8647
2400  57.7078
2400  57.8313
2400  57.9536
2400  57.8447
2400  57.9425
2400  57.8577
2400  57.9541
2400  57.9374
2400  58.01
2400  57.9268
2400  57.9985
2400  57.9819
2400  58.0307
2400  57.9495
2400  57.9978
2400  58.0029
2400  57.9869
2400  58.0131
2400  58.018
2400  58.1479
2400  58.0484
2400  58.1354
2400  58.0986
2400  57.9811
2400  58.0466
2400  58.1717
2400  58.0956
2400  58.2192
2400  58.104
2400  58.0885
2400  58.1708
2400  58.1745
2400  58.2169
2400  58.1434
2400  58.2237
2400  58.2651
2400  58.1925
2400  58.2713
2400  58.1994
2400  58.2773
2400  58.2803
2400  58.2463
2400  58.3044
2400  58.3438
2400  58.2736
2400  58.2404
2400  58.3153
2400  58.3538
2400  58.3384
2400  58.3764
2400  58.3082
2400  58.4161
2400  58.3134
2400  58.3855
2400  58.405
2400  58.3554
2400  58.392
2400  58.4283
2400  58.3285
2400  58.3984
2400  58.3669
2400  58.4192
2400  58.4545
2400  58.4231
2400  58.3756
2400  58.3778
2400  58.4615
2400  58.4795
2400  58.4326
2400  58.515
2400  58.4362
2400  58.438
2400  58.4398
2400  58.4732
2400  58.5063
2400  58.4764
2400  58.5561
2400  58.464
2400  58.5275
2400  58.5597
2400  58.4995
2400  58.5774
2400  58.5023
2400  58.5644
2400  58.5806
2400  58.5516
2400  58.6127
2400  58.5242
2400  58.5848
2400  58.5859
2400  58.6164
2400  58.5879
2400  58.6181
2400  58.619
2400  58.5909
2400  58.5198
2400  58.5641
2400  58.6081
2400  58.5805
2400  58.624
2400  58.639
2400  58.6538
2400  58.6686
2400  58.6273
2400  58.6559
2400  58.5873
2400  58.5745
2400  58.6029
2400  58.6449
2400  58.6865
2400  58.5784
2400  58.5793
2400  58.6072
2400  58.6349
2400  58.6758
2400  58.7164
2400  58.7168
2400  58.6643
2400  58.7045
2400  58.7181
2400  58.7185
2400  58.745
2400  58.7062
2400  58.7586
2400  58.733
2400  58.7462
2400  58.785
2400  58.7212
2400  58.7725
2400  58.7727
2400  58.7729
2400  58.7983
2400  58.7732
2400  58.7985
2400  58.7362
2400  58.7862
2400  58.8111
2400  58.7741
2400  58.7989
2400  58.7378
2400  58.7747
2400  58.8235
2400  58.7871
2400  58.751
2400  58.7874
2400  58.8355
2400  58.7876
2400  58.8355
2400  58.8592
2400  58.7998
2400  58.8353
2400  58.8
2400  58.7766
2400  58.8235
2400  58.8352
2400  58.87
2400  58.8699
2400  58.7889
2400  58.8235
2400  58.8694
2400  58.8807
2400  58.8805
2400  58.8803
2400  58.8462
2400  58.8912
2400  58.9135
2400  58.8684
2400  58.913
2400  58.9015
2400  58.9013
2400  58.8899
2400  58.9118
2400  58.9226
2400  58.8783
2400  58.9
2400  58.9216
2400  58.9322
2400  58.921
2400  58.8667
2400  58.845
2400  58.8879
2400  58.9305
2400  58.9302
2400  58.9618
2400  58.9295
2400  58.9504
2400  58.9183
2400  58.9286
2400  58.9597
2400  58.9698
2400  58.9694
2400  58.9689
2400  58.9685
2400  58.9681
2400  58.9264
2400  58.9569
2400  58.9668
2400  58.9664
2400  59.0067
2400  58.9046
2400  58.9145
2400  58.9142
2400  58.9542
2400  58.994
2400  58.9935
2400  58.9331
2400  58.9627
2400  58.9623
2400  59.0015
2400  59.0208
2400  59.0005
2400  59.0098
2400  59.0191
2400  59.0088
2400  58.9888
2400  59.0077
2400  59.0169
2400  59.0164
2400  59.0159
2400  58.9769
2400  58.9956
2400  59.0238
2400  59.0328
2400  59.0513
2400  59.0412
2400  59.0217
2400  59.04
2400  59.0583
2400  58.9919
2400  59.0102
2400  59.047
2400  59.0557
2400  59.0458
2400  59.0638
2400  59.0631
2400  59.0533
2400  59.0159
2400  59.0429
2400  59.0881
2400  59.06
2400  59.0958
2400  58.9862
2400  58.9948
2400  58.9583
2400  58.931
2400  58.9307
2400  58.9662
2400  59.0015
2400  59.0189
2400  59.0539
2400  59.0889
2400  59.0882
2400  59.1052
2400  59.0604
2400  59.095
2400  59.1294
2400  59.0674
2400  59.0929
2400  59.1184
2400  59.1176
2400  59.0822
2400  59.0989
2400  59.1155
2400  59.132
2400  59.1054
2400  59.1304
2400  59.1211
2400  59.1375
2400  59.1112
2400  59.1274
2400  59.1013
2400  59.126
2400  59.1589
2400  59.1077
2400  59.1405
2400  59.1398
2400  59.1474
2400  59.1383
2400  59.1625
2400  59.1202
2400  59.1195
2400  59.1518
2400  59.1592
2400  59.1667
2400  59.1003
2400  59.116
2400  59.1479
2400  59.1472
2400  59.1545
2400  59.17
2400  59.1368
2400  59.1764
2400  59.1113
2400  59.1106
2400  59.15
2400  59.1892
2400  59.1644
2400  59.1477
2400  59.1232
2400  59.083
2400  59.1061
2400  59.1369
2400  59.2622
2400  59.2927
2400  59.2917
2400  59.2985
2400  59.2974
2400  59.2963
2400  59.3031
2400  59.302
2400  59.2932
2400  59.2999
2400  59.3066
2400  59.3055
2400  59.3044
2400  59.3111
2400  59.31
2400  59.3089
2400  59.3079
2400  59.3144
2400  59.3133
2400  59.3123
2400  59.3188
2400  59.3177
2400  59.3016
2400  59.3156
2400  59.3145
2400  59.321
2400  59.3199
2400  59.3188
2400  59.3252
2400  59.3167
2400  59.3157
2400  59.322
2400  59.3284
2400  59.3199
2400  59.3262
2400  59.3252
2400  59.3241
2400  59.3231
2400  59.3366
2400  59.3355
2400  59.3345
2400  59.3407
2400  59.3396
2400  59.3385
