12000  50.2959
12000  50.5345
12000  50.7663
12000  50.8954
12000  39.3983
12000  32.5771
12000  28.9634
12000  26.3876
12000  24.3802
12000  22.531
12000  21.1
12000  19.8591
12000  18.9019
12000  18.0079
12000  17.2368
12000  16.5787
12000  15.9296
12000  15.3568
12000  14.8867
12000  14.43
12000  14.0178
12000  13.6235
12000  13.3042
12000  13.0076
12000  12.7291
12000  12.4754
12000  12.2475
12000  12.0259
12000  11.8193
12000  11.606
12000  11.4262
12000  11.2653
12000  11.0963
12000  10.9446
12000  10.8087
12000  10.6792
12000  10.5391
12000  10.4191
12000  10.3009
12000  10.181
12000  10.0708
12000  9.96426
12000  9.86214
12000  9.7561
12000  9.85886
12000  9.94716
12000  10.0341
12000  10.1198
12000  10.2062
12000  10.2912
12000  10.376
12000  10.4605
12000  10.5446
12000  10.6296
12000  10.7132
12000  10.7976
12000  10.8806
12000  10.9634
12000  11.0458
12000  11.1291
12000  11.211
12000  11.2926
12000  11.3751
12000  11.4561
12000  11.5358
12000  11.6186
12000  11.6988
12000  11.7788
12000  11.8573
12000  11.9379
12000  12.0183
12000  12.096
12000  12.1758
12000  12.2542
12000  12.3335
12000  12.4101
12000  12.4889
12000  12.5675
12000  12.6446
12000  12.7226
12000  12.7992
12000  12.8743
12000  12.9516
12000  13.0287
12000  13.1043
12000  13.1796
12000  13.2546
12000  13.3308
12000  13.4041
12000  13.481
12000  13.5551
12000  13.6289
12000  13.7026
12000  13.7773
12000  13.8504
12000  13.9233
12000  13.996
12000  14.0684
12000  14.142
12000  14.214
12000  14.2857
12000  14.3586
12000  14.4299
12000  14.5023
