7200  48.4669
7200  48.5437
7200  48.8038
7200  49.0104
7200  49.1196
7200  49.2701
7200  49.5495
7200  49.6454
7200  49.7817
7200  49.9569
7200  50.2128
7200  50.2092
7200  50.4132
7200  50.571
7200  50.6838
7200  50.7937
7200  50.8607
7200  51.0046
7200  51.145
7200  51.2434
7200  51.3393
7200  51.4706
7200  51.5239
7200  51.687
7200  51.8466
7200  51.9663
7200  52.0472
7200  52.0905
7200  52.168
7200  52.3139
7200  52.3179
7200  52.2534
7200  52.5292
7200  52.5978
7200  52.6984
7200  52.7638
7200  52.8278
7200  52.9231
7200  53.0165
7200  53.044
7200  53.1343
7200  53.1915
7200  53.2787
7200  53.3024
7200  53.3869
7200  53.4395
7200  53.3708
7200  53.5714
7200  53.5912
7200  53.6398
7200  53.6876
7200  53.7057
7200  53.752
7200  53.8543
7200  53.9267
7200  53.9699
7200  54.0401
7200  54.0816
7200  54.1498
7200  54.2169
7200  54.2289
7200  54.2406
7200  54.2257
7200  54.3426
7200  54.3792
7200  54.4413
7200  54.5282
7200  54.5626
7200  54.5709
7200  54.6043
7200  54.6373
7200  54.7196
7200  54.7016
7200  54.7576
7200  54.7884
7200  54.843
7200  54.8727
7200  54.8303
7200  54.9546
7200  55.0064
7200  48.0533
7200  48.3701
7200  48.5505
7200  48.6111
7200  48.6878
7200  48.4642
7200  48.5404
7200  48.5994
7200  48.6577
7200  48.7316
7200  48.7886
7200  48.8449
7200  48.8045
7200  48.9556
7200  49.026
7200  49.0798
7200  49.1487
7200  47.5455
7200  46.3794
7200  45.2305
7200  44.3252
7200  43.5742
7200  42.7419
7200  41.9177
7200  41.061
7200  40.4091
7200  39.8144
7200  39.1969
7200  38.6507
7200  38.1521
7200  37.6975
7200  37.2588
7200  36.8031
7200  36.3481
7200  35.9244
7200  35.4932
7200  35.0202
7200  34.5375
7200  34.0599
7200  33.71
7200  33.371
7200  33.0302
7200  32.6523
7200  32.2407
7200  31.9449
7200  31.6632
7200  31.3678
7200  31.0758
7200  30.7872
7200  30.572
7200  30.2981
7200  29.9649
7200  29.6796
7200  29.4528
7200  29.2631
7200  29.0425
7200  28.8533
7200  28.677
7200  28.4257
7200  28.2055
7200  27.971
7200  27.7895
7200  27.57
7200  27.3075
7200  27.0963
7200  26.8939
7200  26.7211
7200  26.5729
7200  26.3971
7200  26.2655
7200  26.1232
7200  25.9708
7200  25.7643
7200  25.6066
7200  25.4524
7200  25.3437
7200  25.225
7200  25.0997
7200  24.9768
7200  24.8276
7200  24.6871
7200  24.5745
7200  24.4884
7200  24.3875
7200  24.2564
7200  24.1462
7200  24.0431
7200  23.9444
7200  23.8676
7200  23.762
7200  23.6631
7200  23.583
7200  23.5161
7200  23.4264
7200  23.3593
7200  23.2768
7200  23.2118
7200  23.102
7200  23.0099
7200  22.926
7200  22.8192
7200  22.7468
7200  22.6841
7200  22.6159
7200  22.5213
7200  22.4469
7200  22.3922
7200  22.3035
7200  22.2323
7200  22.1602
7200  22.0634
7200  22.0014
7200  21.9267
7200  21.8742
7200  21.7863
7200  21.7148
7200  21.6573
7200  21.5895
7200  21.5335
7200  21.4316
7200  21.5117
7200  21.5827
7200  21.6374
7200  21.692
7200  21.7446
7200  21.797
7200  21.8511
7200  21.9033
7200  21.9553
7200  22.0089
7200  22.0588
7200  22.1122
7200  22.1582
7200  22.2186
7200  22.2679
7200  22.3189
7200  22.3715
7200  22.4223
7200  22.4728
7200  22.5196
7200  22.568
7200  22.6255
7200  22.6756
7200  22.7236
7200  22.7752
7200  22.8248
7200  22.8761
7200  22.9199
7200  22.9765
7200  23.0255
7200  23.0744
7200  23.1251
7200  23.1738
7200  23.2242
7200  23.2707
7200  23.319
7200  23.369
7200  23.4188
7200  23.4667
7200  23.5145
7200  23.5639
7200  23.6114
7200  23.6513
7200  23.7023
7200  23.7475
7200  23.7983
7200  23.847
7200  23.8937
7200  23.9403
7200  23.9868
7200  24.0351
7200  24.0794
7200  24.1274
7200  24.1753
7200  24.2231
7200  24.2688
7200  24.3145
7200  24.3543
7200  24.4054
7200  24.4506
7200  24.4977
7200  24.5446
7200  24.5857
7200  24.6324
7200  24.6771
7200  24.7217
7200  24.7718
7200  24.8124
7200  24.8585
7200  24.9026
7200  24.9466
7200  24.9905
7200  25.0304
7200  25.0798
7200  25.1252
7200  25.1668
7200  25.212
7200  25.2552
7200  25.2964
7200  25.3451
7200  25.3822
7200  25.4307
7200  25.4696
7200  25.5198
7200  25.5565
7200  25.6026
7200  25.641
7200  25.6851
7200  25.729
7200  25.7728
7200  25.8127
7200  25.8601
7200  25.9017
7200  25.9432
7200  25.9827
7200  26.0278
7200  26.0671
7200  26.11
7200  26.1491
7200  26.1919
7200  26.2307
7200  26.2733
7200  26.3139
7200  26.3601
7200  26.3966
7200  26.4369
7200  26.477
7200  26.5209
7200  26.557
7200  26.6027
7200  26.6444
