7200  7.33272
7200  7.69889
7200  8.01925
7200  8.2397
7200  8.43882
7200  8.60357
7200  8.78845
7200  8.91795
7200  9.04977
7200  9.21909
7200  9.37989
7200  9.50475
7200  9.60615
7200  9.70874
7200  9.80829
7200  9.90099
7200  9.99167
7200  10.0725
7200  10.1523
7200  10.2273
7200  10.2979
7200  10.3571
7200  10.4239
7200  10.4871
7200  10.5471
7200  10.6007
7200  10.6483
7200  10.7198
7200  10.7914
7200  10.8409
7200  10.8758
7200  10.8939
7200  10.9559
7200  10.9831
7200  11.0092
7200  11.0511
7200  11.0915
7200  11.1303
7200  11.1678
7200  11.2011
7200  11.2518
7200  11.2877
7200  11.325
7200  11.3712
7200  11.4035
7200  11.4347
7200  11.4772
7200  11.5183
7200  11.5464
7200  11.5713
7200  11.5977
7200  11.6233
7200  11.6482
7200  11.6702
7200  11.7047
7200  11.7318
7200  11.7561
7200  11.7796
7200  11.8153
7200  11.8333
7200  11.857
7200  11.8802
7200  11.9129
7200  11.9388
7200  11.9601
7200  11.9908
7200  12.011
7200  12.0308
7200  12.0387
7200  12.035
7200  12.0575
7200  12.0869
7200  12.0974
7200  12.1294
7200  12.1481
7200  12.1719
7200  12.1898
7200  12.2091
7200  12.2281
7200  12.2415
7200  12.2494
7200  12.2691
7200  12.2867
7200  12.3039
7200  12.3126
7200  12.3293
7200  12.3522
7200  12.3779
7200  12.3999
7200  12.4073
7200  12.4208
7200  12.4325
7200  12.4332
7200  12.4538
7200  12.4633
7200  12.4743
7200  12.4955
7200  12.5089
7200  12.5118
7200  12.5307
7200  12.5406
7200  12.5518
7200  12.5614
7200  12.5793
7200  12.5885
7200  12.5975
7200  12.6078
7200  12.6263
7200  12.6348
7200  12.6445
7200  12.6623
7200  12.6636
7200  12.6796
7200  12.6967
7200  12.703
7200  12.7079
7200  12.7258
7200  12.7317
7200  12.7389
7200  12.7459
7200  12.7515
7200  12.7571
7200  12.7614
7200  12.7668
7200  12.7746
7200  12.7737
7200  12.7741
7200  12.7865
7200  12.7928
7200  12.8049
7200  12.8027
7200  12.8063
7200  12.8111
7200  12.8112
7200  12.8228
7200  12.8263
7200  12.8342
7200  12.8387
7200  12.8431
7200  12.8497
7200  12.855
7200  12.8603
7200  12.8645
7200  12.8653
7200  12.8726
7200  12.8831
7200  12.8892
7200  12.8941
7200  12.9
7200  12.9038
7200  12.9064
7200  12.9174
7200  12.9189
7200  12.9286
7200  12.9331
7200  12.9386
7200  12.944
7200  12.9534
7200  12.9536
7200  12.9628
7200  12.968
7200  12.9681
7200  12.9702
7200  12.9752
7200  12.9753
7200  12.9714
7200  12.9744
7200  12.9726
7200  12.9707
7200  12.9737
7200  12.9766
7200  12.9738
7200  12.9776
7200  12.974
7200  12.9759
7200  12.9796
7200  12.9815
7200  12.9843
7200  12.9861
7200  12.9879
7200  12.9951
7200  13.0022
7200  13.0048
7200  13.0118
7200  13.0143
7200  13.0142
7200  13.0158
7200  13.0087
7200  13.0103
7200  13.0119
7200  13.0135
7200  13.0108
7200  13.0107
7200  13.008
7200  13.0129
7200  13.0195
7200  13.0252
7200  13.0316
7200  13.0363
7200  13.0336
7200  13.035
7200  13.0364
7200  13.0419
7200  13.0472
7200  13.0478
7200  13.0451
7200  13.0464
7200  13.0525
7200  13.0529
7200  13.0511
7200  13.0562
7200  13.0505
7200  13.0471
7200  13.0499
7200  13.055
7200  13.0509
7200  13.0468
7200  13.0473
7200  13.0477
7200  13.052
7200  13.0547
7200  13.0514
7200  13.0496
7200  13.0486
7200  13.0513
7200  13.0518
7200  13.0515
7200  13.0541
7200  13.0545
7200  13.0543
7200  13.054
7200  13.0537
7200  13.0548
7200  13.0545
7200  13.0557
7200  13.0568
7200  13.0572
7200  13.0576
7200  13.0566
7200  13.057
7200  13.0581
7200  13.0572
7200  13.0569
7200  13.0573
7200  13.057
7200  13.0581
7200  13.0585
7200  13.0615
7200  13.0626
7200  13.0623
7200  13.0626
7200  13.0643
7200  13.0594
7200  13.0598
7200  13.0543
7200  13.0508
7200  13.0506
7200  13.0458
7200  13.0469
7200  13.0479
7200  13.049
7200  13.0469
7200  13.0517
7200  13.0521
7200  13.0524
7200  13.0516
7200  13.0501
7200  13.0499
7200  13.049
7200  13.0494
7200  13.0498
7200  13.0508
7200  13.0506
7200  13.0509
7200  13.0501
7200  13.0511
7200  13.0479
7200  13.0506
7200  13.0504
7200  13.0508
7200  13.0476
7200  13.048
7200  13.0478
7200  13.0482
7200  13.0485
7200  13.0483
7200  13.0452
7200  13.045
7200  13.0437
7200  13.0441
7200  13.0456
7200  13.0471
7200  13.0435
7200  13.0422
7200  13.0431
7200  13.0446
7200  13.0455
7200  13.0465
7200  13.0429
7200  13.0438
7200  13.0475
7200  13.0479
7200  13.0488
7200  13.0519
7200  13.0528
7200  13.052
7200  13.0512
7200  13.0537
7200  13.0519
7200  13.0539
7200  13.0553
7200  13.0561
7200  13.057
7200  13.0594
7200  13.0602
7200  13.0653
7200  13.0677
7200  13.0664
7200  13.0708
7200  13.0716
7200  13.0729
7200  13.0768
7200  13.0781
7200  13.0784
7200  13.0827
7200  13.085
7200  13.0862
7200  13.0911
7200  13.0928
7200  13.0945
7200  13.0957
7200  13.0969
7200  13.0976
7200  13.0993
7200  13.1029
7200  13.1041
7200  13.1048
7200  13.1084
7200  13.109
7200  13.1126
7200  13.1133
7200  13.1139
7200  13.115
7200  13.1156
7200  13.1192
7200  13.1207
7200  13.1228
7200  13.1229
7200  13.1268
7200  13.1289
7200  13.1323
7200  13.1357
7200  13.1368
7200  13.1378
7200  13.1383
7200  13.1403
7200  13.1413
7200  13.1413
7200  13.1414
7200  13.1419
7200  13.1386
7200  13.1415
7200  13.1453
7200  13.1434
7200  13.1435
7200  13.1454
7200  13.1459
7200  13.1464
7200  13.1469
7200  13.1501
7200  13.1506
7200  13.1506
7200  13.1515
7200  13.1493
7200  13.1443
7200  13.1452
7200  13.1453
7200  13.1453
7200  13.1453
7200  13.1458
7200  13.1485
7200  13.1512
7200  13.1512
7200  13.1517
7200  13.1513
7200  13.1513
7200  13.1513
7200  13.1518
7200  13.1518
7200  13.15
7200  13.1505
7200  13.1484
7200  13.1479
7200  13.1471
7200  13.1471
7200  13.1476
7200  13.1502
7200  13.1472
7200  13.1472
7200  13.1473
7200  13.1473
7200  13.1473
7200  13.1486
7200  13.1491
7200  13.1424
7200  13.142
7200  13.142
7200  13.1425
7200  13.1409
7200  13.1392
7200  13.1389
7200  13.134
7200  13.1336
7200  13.1312
7200  13.1337
7200  13.1326
7200  13.133
7200  13.1331
7200  13.1332
7200  13.1328
7200  13.1329
7200  13.1325
7200  13.1322
7200  13.127
7200  13.1267
7200  13.1264
7200  13.1261
7200  13.1281
7200  13.1254
7200  13.1227
7200  13.1224
7200  13.1205
7200  13.1222
7200  13.1195
7200  13.1196
7200  13.1185
7200  13.1171
7200  13.1168
7200  13.1149
7200  13.1127
7200  13.1101
7200  13.1099
7200  13.1096
7200  13.1101
7200  13.1117
7200  13.1118
7200  13.1112
7200  13.1113
7200  13.1114
7200  13.11
7200  13.1101
7200  13.1079
7200  13.1084
7200  13.1089
7200  13.1082
7200  13.1095
7200  13.1077
7200  13.1075
7200  13.1087
7200  13.1113
7200  13.1122
7200  13.1145
7200  13.1142
7200  13.1147
7200  13.1148
7200  13.1141
7200  13.1128
7200  13.1049
7200  13.1061
7200  13.1076
7200  13.0959
7200  13.0639
7200  13.0516
7200  13.0511
7200  13.0503
7200  13.0481
7200  13.0479
7200  13.045
7200  13.0417
7200  13.0371
