720  43.9122
720  44.1609
720  44.5305
720  44.6768
720  44.8179
720  45.1197
720  45.3309
720  45.5357
720  45.7746
720  45.967
720  46.1933
720  46.3744
720  46.5503
720  46.7596
720  46.9256
720  47.087
720  47.2813
720  47.3602
720  47.5825
720  47.7273
720  47.8684
720  48.0059
720  48.1752
720  48.3057
720  48.433
720  48.5915
720  48.7126
720  48.7637
720  48.9796
720  49.1252
720  49.2349
720  49.3097
720  49.447
720  49.5177
720  49.6815
720  49.7795
720  49.9688
720  50.0309
720  50.0916
720  50.2726
720  50.3295
720  50.3853
720  50.4399
720  50.5814
720  50.6621
720  50.7412
720  50.8475
720  50.9233
720  51.0261
720  51.0989
720  51.1704
720  51.2406
720  51.3369
720  51.4043
720  51.4976
720  51.5357
720  51.5996
720  51.6888
720  51.7241
720  51.8109
720  51.7928
720  51.9802
720  52.0118
720  52.0935
720  52.1739
720  52.2031
720  52.2565
720  52.3585
720  52.4345
720  52.4605
720  52.5104
720  52.5594
720  52.6794
720  52.6553
720  52.7492
720  52.7716
720  52.8402
720  52.8846
720  52.9514
720  52.9944
720  53.0368
720  53.0786
720  53.1421
720  53.1826
720  53.2446
720  53.2618
720  53.3224
720  53.3822
720  53.3981
720  53.4566
720  53.5144
720  53.5289
720  53.5644
720  53.6204
720  53.6547
720  53.7094
720  53.7428
720  53.7757
720  53.8287
720  53.8404
720  53.9124
720  53.9435
720  53.9741
720  54.0044
720  54.0343
720  54.0639
720  54.1126
720  54.1219
720  54.2083
720  54.1785
720  54.2254
720  54.2527
720  54.2986
720  54.3253
720  54.3703
720  54.3962
720  54.4218
720  54.4471
720  54.4904
720  54.5333
720  54.5576
720  54.5635
720  54.5873
720  54.6466
720  54.6697
720  54.6749
720  54.7152
720  54.7375
720  54.7771
720  54.8162
720  54.8377
720  54.8589
720  54.8971
720  54.8837
720  54.9383
720  54.9417
720  54.9786
720  55.0152
720  55.0348
720  55.0542
720  55.0733
720  55.1087
720  55.1438
720  55.1622
720  55.1643
720  55.1986
720  55.2165
720  55.2502
720  55.2677
720  55.3009
720  55.3022
720  55.3348
720  55.336
720  55.3526
720  55.3691
720  55.4163
720  55.417
720  55.4483
720  55.464
720  55.4948
720  55.4499
720  55.5405
720  55.5705
720  55.5705
720  55.5704
720  55.5999
720  55.6291
720  55.6435
720  55.6723
720  55.6863
720  55.7002
720  55.7139
720  55.7276
720  55.7554
720  55.7545
720  55.7678
720  55.7951
720  55.8222
720  55.8491
720  55.8477
720  55.8603
720  55.8729
720  55.8991
720  55.9113
720  55.9372
720  55.9492
720  55.9611
720  55.9729
720  55.9981
720  56.0096
720  56.0345
720  56.0324
720  56.057
720  56.0681
720  56.0924
720  56.1033
720  56.1141
720  56.1248
720  56.1485
720  56.185
720  56.1694
720  56.1798
720  56.19
720  56.213
720  56.2231
720  56.2458
720  56.2556
720  56.2654
720  56.2751
720  56.2973
720  56.3193
720  56.3287
720  56.338
720  56.3473
720  56.3688
720  56.3779
720  56.3869
720  56.408
720  56.4169
720  56.4257
720  56.4464
720  56.455
720  56.4636
720  56.4721
720  56.4924
720  56.5007
720  56.509
720  56.529
720  56.5371
720  56.5452
720  56.5648
720  56.5727
720  56.5806
720  56.5999
720  56.6076
720  56.6153
720  56.6229
720  56.6304
720  56.6493
720  56.668
720  56.6753
720  56.6826
720  56.6898
720  56.7082
720  56.7152
720  56.7223
720  56.7293
720  56.7362
720  56.7652
720  56.7609
720  56.7677
720  56.7854
720  56.792
720  56.8095
720  56.8268
720  56.8117
720  56.8289
720  56.8353
720  56.8417
720  56.8587
720  56.8118
720  56.8818
720  56.8879
720  56.894
720  56.8895
720  56.9166
720  56.9225
720  56.9284
720  56.9343
720  56.9505
720  56.9563
720  56.962
720  56.9575
720  56.9836
720  56.979
720  56.9948
720  57.0004
720  57.016
720  57.0214
720  57.0369
720  57.0322
720  57.0476
720  57.0628
720  57.0581
720  57.0931
720  57.0784
720  57.0934
720  57.0887
720  57.1035
720  57.1086
720  57.1038
720  57.1282
720  57.1331
720  57.1477
720  57.1525
720  57.1573
720  57.1621
720  57.1764
720  57.1811
720  57.1762
720  57.1999
720  57.195
720  57.209
720  57.223
720  57.2274
720  57.2319
720  57.2363
720  57.2407
720  57.2544
720  57.2587
720  57.263
720  57.2673
720  57.2716
720  57.2758
720  57.2983
720  57.3025
720  57.3157
720  57.3198
720  57.3238
720  57.3279
720  57.3409
720  57.3449
720  57.3488
720  57.3527
720  57.3655
720  57.3694
720  57.3732
720  57.377
720  57.3897
720  57.3846
720  57.3972
720  57.4097
720  57.4046
720  57.417
720  57.4381
720  57.4329
720  57.4365
720  57.4401
720  57.4522
720  57.4557
720  57.4592
720  57.4627
720  57.4661
720  57.4781
720  57.4815
720  57.4849
720  57.4967
720  57.5
720  57.5033
720  57.4982
720  57.5182
720  57.5299
720  57.5331
720  57.5362
720  57.5394
720  57.5508
720  57.5457
720  57.5571
720  57.5601
720  57.5714
720  57.5499
720  57.5775
720  57.5805
720  57.5916
720  57.6027
720  57.5975
720  57.6085
720  57.6195
720  57.6224
720  57.6252
720  57.6361
720  57.6389
720  57.6417
720  57.6445
720  57.6552
720  57.6579
720  57.6527
720  57.6633
720  57.6739
720  57.6687
720  57.6792
720  57.6819
720  57.6767
720  57.6949
720  57.6975
720  57.7001
720  57.7026
720  57.7052
720  57.7154
720  57.7179
720  57.7128
720  57.7153
720  57.7254
720  57.7279
720  57.7379
720  57.7328
720  57.7504
720  57.7452
720  57.7551
720  57.7575
720  57.7599
720  57.7622
720  57.772
720  57.7818
720  57.7841
720  57.7864
720  57.7886
720  57.7983
720  57.7931
720  57.8027
720  57.8049
720  57.8145
720  57.8167
720  57.8261
720  57.8283
720  57.8377
720  57.8398
720  57.8419
720  57.844
720  57.8461
720  57.8481
720  57.8574
720  57.8523
720  57.8615
720  57.8635
720  57.8727
720  57.8746
720  57.8766
720  57.8786
720  57.8806
720  57.8896
720  57.8845
720  57.9005
720  57.9165
720  57.9043
720  57.9132
720  57.9151
720  57.9239
720  57.9257
720  57.9206
720  57.9294
720  57.9312
720  57.933
720  57.9417
720  57.9504
720  57.9453
720  57.9539
720  57.9625
720  57.9574
720  57.9659
720  57.9676
720  57.9693
720  57.971
720  57.9727
720  57.9744
720  57.9828
720  57.9845
720  57.9861
720  57.9878
720  57.9894
720  57.971
720  57.986
720  58.0009
720  58.0025
720  58.0174
720  58.0123
720  58.0073
720  58.0154
720  58.017
720  58.0251
720  58.0332
720  58.0347
720  58.0362
720  58.0508
720  58.0457
720  58.0537
720  58.0552
720  58.0631
720  58.0581
720  58.0659
720  58.0609
720  58.0624
720  58.0638
720  58.078
720  58.0794
720  58.0872
720  58.0886
720  58.0963
720  58.0976
720  58.099
720  58.0877
720  58.1017
720  58.1282
720  58.1106
720  58.1119
720  58.1132
720  58.1145
720  58.1158
720  58.1233
720  58.1246
720  58.1321
720  58.1333
720  58.1408
720  58.1358
720  58.1432
720  58.1383
720  58.1395
720  58.1469
720  58.1481
720  58.1554
720  58.1566
720  58.1578
720  58.1712
720  58.1662
720  58.1795
720  58.1504
720  58.1758
720  58.1829
720  58.1841
720  58.1852
720  58.1863
720  58.1874
720  58.099
720  58.0586
720  58.0836
720  58.0909
720  58.0981
720  58.0816
720  58.0888
720  58.0959
720  58.103
720  58.116
720  58.1172
720  58.1243
720  58.108
720  58.1325
720  58.1162
720  58.1349
720  58.1419
720  58.143
720  58.1442
720  58.1511
720  58.1522
720  58.1418
720  58.1602
720  58.1614
720  58.1625
720  58.1578
720  58.1647
720  58.1658
720  58.1726
720  58.1793
720  58.1747
720  58.1815
720  58.1825
720  58.1836
720  58.1903
720  58.2026
720  58.1924
720  58.1766
720  58.1944
720  58.1843
720  58.2077
720  58.2087
720  58.2041
720  58.2051
720  58.2172
720  58.2237
720  58.2192
720  58.0218
720  58.056
720  58.0901
720  58.1351
720  58.1472
720  58.2031
720  58.2643
720  58.32
720  58.3756
720  58.4257
720  58.3388
720  58.3287
720  58.2479
