1200  56.3241
1200  56.4752
1200  56.5134
1200  56.5504
1200  55.2536
1200  55.9062
1200  56.3506
1200  56.239
1200  56.4236
1200  56.4585
1200  56.5401
1200  56.5724
1200  56.6038
1200  56.6802
1200  56.664
1200  56.4706
1200  56.7652
1200  56.8356
1200  56.9044
1200  56.9288
1200  56.9527
1200  57.0175
1200  56.9986
1200  57.0207
1200  57.0825
1200  57.1031
1200  57.1232
1200  57.1818
1200  57.2005
1200  57.257
1200  57.2745
1200  57.2917
1200  57.3084
1200  57.3614
1200  57.377
1200  57.3924
1200  57.4429
1200  57.4572
1200  57.4713
1200  57.485
1200  57.601
1200  57.5455
1200  57.5916
1200  57.5705
1200  57.5827
1200  57.6271
1200  57.6385
1200  57.6816
1200  57.6923
1200  57.7028
1200  57.7131
1200  57.754
1200  57.7636
1200  57.7731
1200  57.8125
1200  57.8214
1200  57.8597
1200  57.8387
1200  57.9053
1200  57.9131
1200  57.9208
1200  57.8999
1200  57.9075
1200  57.943
1200  57.9502
1200  57.9572
1200  57.9915
1200  57.9981
1200  58.0316
1200  58.0378
1200  58.0439
1200  58.0499
1200  58.0819
1200  58.0876
1200  58.1189
1200  58.0986
1200  58.104
1200  58.1345
1200  58.1646
1200  58.1445
1200  58.1741
1200  58.1788
1200  58.1833
1200  58.2363
1200  58.2404
1200  58.2445
1200  58.2485
1200  58.2524
1200  58.2797
1200  58.2834
1200  58.2871
1200  58.2907
1200  58.317
1200  58.2977
1200  58.3237
1200  58.3269
1200  58.3079
1200  58.3997
1200  58.3584
1200  58.3832
1200  58.386
1200  58.3888
1200  58.3915
1200  58.4155
1200  58.3968
1200  58.4205
1200  58.4229
1200  58.4254
1200  58.4485
1200  58.4507
1200  58.4734
1200  58.4755
1200  58.4775
1200  58.4997
1200  58.5015
1200  58.5034
1200  58.5052
1200  58.5267
1200  58.5284
1200  58.5301
1200  58.5317
1200  58.5526
1200  58.535
1200  58.5747
1200  58.5761
1200  58.5774
1200  58.56
1200  58.5987
1200  58.5999
1200  58.6011
1200  58.6207
1200  58.6035
1200  58.6228
1200  58.6239
1200  58.6429
1200  58.626
1200  58.6448
1200  58.6634
1200  58.6643
1200  58.6651
1200  58.6833
1200  58.6493
1200  58.6848
1200  58.6854
1200  58.7033
1200  58.7039
1200  58.7045
1200  58.7219
1200  58.7056
1200  58.7229
1200  58.7234
1200  58.7405
1200  58.7409
1200  58.7413
1200  58.7253
1200  58.7909
1200  58.7586
1200  58.7589
1200  58.7592
1200  58.7755
1200  58.7757
1200  58.7918
1200  58.7919
1200  58.7921
1200  58.8079
1200  58.7924
1200  58.808
1200  58.8081
1200  58.8235
1200  58.8235
1200  58.8235
1200  58.8235
1200  58.8386
1200  58.8235
1200  58.8385
1200  58.8534
1200  58.8532
1200  58.8383
1200  58.853
1200  58.8675
1200  58.8674
1200  58.8817
1200  58.867
1200  58.8668
1200  58.881
1200  58.8808
1200  58.8948
1200  58.8945
1200  58.8942
1200  58.8798
1200  58.8937
1200  58.8934
1200  58.907
1200  58.9206
1200  58.9064
1200  58.9198
1200  58.9194
1200  58.919
1200  58.9187
1200  58.9319
1200  58.945
1200  58.9445
1200  58.944
1200  58.9436
1200  58.9431
1200  58.9559
1200  58.9554
1200  58.9681
1200  58.9544
1200  58.967
1200  58.9664
1200  58.9789
1200  58.9783
1200  58.9777
1200  59.0028
1200  58.9766
1200  58.976
1200  58.9882
1200  58.9876
1200  58.9618
1200  58.9989
1200  58.9858
1200  58.9852
1200  58.9971
1200  59.0088
1200  59.0082
1200  58.9952
1200  59.0069
1200  59.0184
1200  59.0056
1200  59.0171
1200  59.0164
1200  59.0157
1200  59.0151
1200  59.0264
1200  59.0376
1200  59.025
1200  59.0361
1200  59.0354
1200  59.0229
1200  59.0575
1200  59.045
1200  59.0442
1200  59.0435
1200  59.0659
1200  59.0651
1200  59.0643
1200  59.0291
1200  59.0742
1200  59.0734
1200  59.0725
1200  59.0717
1200  59.0709
1200  59.0701
1200  59.0918
1200  59.0685
1200  59.0789
1200  59.0892
1200  59.1216
1200  59.0986
1200  59.0977
1200  59.1078
1200  59.1069
1200  59.1169
1200  59.116
1200  59.1151
1200  59.1142
1200  59.1241
1200  59.1124
1200  59.1115
1200  59.1213
1200  59.1204
1200  59.1195
1200  59.1398
1200  59.1283
1200  59.1379
1200  59.1369
1200  59.1464
1200  59.1455
1200  59.1445
1200  59.1436
1200  59.1426
1200  59.152
1200  59.151
1200  59.15
1200  59.1593
1200  59.1583
1200  59.1574
1200  59.1665
1200  59.1756
1200  59.1746
1200  59.1736
1200  59.1626
1200  59.1716
1200  59.1706
1200  59.1796
1200  59.1885
1200  59.1874
1200  59.1765
1200  59.1854
1200  59.1844
1200  59.1931
1200  59.1823
1200  59.1911
1200  59.1997
1200  59.1987
1200  59.188
1200  59.2062
1200  59.2052
1200  59.2137
1200  59.2126
1200  59.2116
1200  59.2105
1200  59.2095
1200  59.2084
1200  59.2168
1200  59.2157
1200  59.2241
1200  59.223
1200  59.2313
1200  59.2302
1200  59.2291
1200  59.228
1200  59.2269
1200  59.2259
1200  59.234
1200  59.2421
1200  59.2593
1200  59.2308
1200  59.2388
1200  59.2377
1200  59.2366
1200  59.2446
1200  59.2345
1200  59.2514
1200  59.2503
1200  59.2403
1200  59.2481
1200  59.2559
1200  59.2548
1200  59.2537
1200  59.2615
1200  59.2604
1200  59.268
1200  59.2582
1200  59.2658
1200  59.2647
1200  59.2636
1200  59.2625
1200  59.2701
1200  59.269
1200  59.2593
1200  59.2754
1200  59.2743
1200  59.2731
1200  59.2806
1200  59.2795
1200  59.2784
1200  59.2772
1200  59.2846
1200  59.2835
1200  59.2908
1200  59.2897
1200  59.2802
1200  59.2874
1200  59.2946
1200  59.2935
1200  59.2924
1200  59.2913
1200  59.2902
1200  59.2973
1200  59.2962
1200  59.3033
1200  59.3022
1200  59.301
1200  59.3244
1200  59.2988
1200  59.2977
1200  59.2966
1200  59.3036
1200  59.3105
1200  59.3014
1200  59.3083
1200  59.2992
1200  59.3061
1200  59.305
1200  59.3039
1200  59.3107
1200  59.3096
1200  59.3085
1200  59.3153
1200  59.3142
1200  59.3209
1200  59.3198
1200  59.3265
1200  59.3254
1200  59.3243
1200  59.3231
1200  59.353
1200  59.3286
1200  59.3198
1200  59.3264
1200  59.3253
1200  59.3242
1200  59.3231
1200  59.3297
1200  59.3285
1200  59.3275
1200  59.3339
1200  59.3404
1200  59.3393
1200  59.3382
1200  59.337
1200  59.3359
1200  59.3423
1200  59.3412
1200  59.3327
1200  59.3464
1200  59.3379
1200  59.3516
1200  59.3505
1200  59.3494
1200  59.3483
1200  59.3472
1200  59.3461
1200  59.3304
1200  59.3439
1200  59.3501
1200  59.3563
1200  59.3479
1200  59.3541
1200  59.353
1200  59.3591
1200  59.3723
1200  59.364
1200  59.3701
1200  59.3547
1200  59.3607
1200  59.3668
1200  59.3656
1200  59.3575
1200  59.3705
1200  59.3694
1200  59.3683
1200  59.3743
1200  59.3732
1200  59.365
1200  59.371
1200  59.3768
1200  59.3757
1200  59.3816
1200  59.3805
1200  59.3724
1200  59.3783
1200  59.3772
1200  59.3761
1200  59.3819
1200  59.3671
1200  59.3728
1200  59.3718
1200  59.3775
1200  59.39
1200  59.3889
1200  59.3811
1200  59.38
1200  59.3857
1200  59.3846
1200  59.3835
1200  59.3891
1200  59.3881
1200  59.3937
1200  59.3926
1200  59.3982
1200  59.3904
1200  59.396
1200  59.3949
1200  59.3872
1200  59.3861
1200  59.3982
1200  59.3906
1200  59.3961
1200  59.4016
1200  59.407
1200  59.3994
1200  59.4049
1200  59.3973
1200  59.4547
1200  59.4601
1200  59.4654
1200  59.4642
1200  59.4694
1200  59.4683
1200  59.4606
1200  59.4659
1200  59.4711
1200  59.4699
1200  59.4688
1200  59.474
1200  59.4728
1200  59.4716
1200  59.4704
1200  59.4629
1200  59.4681
1200  59.4669
1200  59.4721
1200  59.4709
1200  59.4697
1200  59.4748
1200  59.4674
1200  59.4788
1200  59.4776
1200  59.4702
1200  59.4753
1200  59.4803
1200  59.473
1200  59.478
1200  59.483
1200  59.4819
1200  59.4869
1200  59.4857
1200  59.4784
1200  59.4711
1200  59.4761
1200  59.4872
1200  59.486
1200  59.4849
1200  59.4777
1200  59.4886
1200  59.4935
1200  59.4863
1200  59.4912
1200  59.4901
1200  59.4949
1200  59.4938
1200  59.4927
1200  59.4975
1200  59.4963
1200  59.4952
1200  59.4941
1200  59.4989
1200  59.4977
1200  59.4966
1200  59.5013
1200  59.5002
1200  59.4991
1200  59.5038
1200  59.5027
1200  59.5015
1200  59.5004
1200  59.4993
1200  59.504
1200  59.5028
1200  59.5075
1200  59.5064
1200  59.5053
1200  59.5099
