240  56.6038
240  56.6406
240  56.5676
240  56.7644
240  56.797
240  56.7246
240  56.9106
240  56.8889
240  56.9676
240  56.9948
240  57.0213
240  57.0949
240  57.1192
240  57.1895
240  57.1659
240  57.2337
240  57.2549
240  57.2312
240  57.3394
240  57.3585
240  57.4198
240  57.4374
240  57.4545
240  57.5126
240  57.5284
240  57.5035
240  57.5989
240  57.5737
240  57.6271
240  57.6021
240  57.6541
240  57.5916
240  57.6425
240  57.7293
240  57.7411
240  57.7527
240  57.7999
240  57.8462
240  48.6998
240  49.1493
240  49.3421
240  49.4403
240  49.5141
240  49.5868
240  49.6809
240  49.7512
240  49.8428
240  49.9109
240  49.9558
240  50.0439
240  50.1089
240  50.1296
240  50.2577
240  50.3413
240  50.4024
240  50.4626
240  50.543
240  50.6014
240  50.6799
240  50.7365
240  50.7717
240  50.8269
240  50.9018
240  50.9554
240  51.0083
240  51.0806
240  51.112
240  51.2025
240  51.2327
240  51.3017
240  51.3503
240  51.4178
240  51.4844
240  51.4925
240  51.577
240  51.6224
240  51.6484
240  51.7304
240  51.7741
240  51.8172
240  51.8784
240  51.8834
240  51.9802
240  52.0211
240  52.0615
240  52.1195
240  52.1589
240  52.1978
240  52.2184
240  52.2743
240  51.9263
240  52.2613
240  52.3857
240  52.4568
240  52.4926
240  52.5279
240  52.5285
240  52.5974
240  52.6486
240  52.6823
240  52.7325
240  52.7486
240  52.798
240  52.8136
240  52.8786
240  52.9101
240  52.9576
240  52.9883
240  53.0187
240  53.0488
240  53.0947
240  53.1241
240  53.1372
240  53.182
240  53.2263
240  53.2544
240  53.2823
240  53.3099
240  53.3528
240  53.3798
240  53.4219
240  53.4483
240  53.4744
240  53.5003
240  53.5411
240  53.5362
240  53.5764
240  53.6013
240  53.6409
240  53.6801
240  53.6894
240  53.7133
240  53.7517
240  53.7897
240  53.8129
240  53.8358
240  53.8441
240  53.8954
240  53.9177
240  53.9397
240  53.9616
240  53.9832
240  54.0047
240  54.04
240  54.075
240  54.0958
240  54.1164
240  54.1369
240  54.1847
240  54.1909
240  54.2245
240  54.2577
240  54.2771
240  54.2964
240  54.3155
240  54.3478
240  54.3665
240  54.3718
240  54.4035
240  54.435
240  54.453
240  54.471
240  54.5018
240  54.4413
240  54.4979
240  54.5153
240  54.5455
240  54.5626
240  54.5667
240  54.5964
240  54.6258
240  54.6423
240  54.6587
240  54.6875
240  54.7036
240  54.7445
240  54.7603
240  54.7635
240  54.7791
240  54.7945
240  54.8098
240  54.8373
240  54.8401
240  54.8794
240  54.8942
240  54.9089
240  54.9234
240  54.9259
240  54.9642
240  54.9784
240  54.9806
240  55.0064
240  55.0321
240  55.0459
240  55.0595
240  55.0731
240  55.0982
240  55.1115
240  55.1247
240  55.1378
240  55.1509
240  55.1753
240  55.1767
240  55.2008
240  55.2248
240  55.2373
240  55.2497
240  55.2621
240  55.2855
240  55.2977
240  55.2986
240  55.3217
240  55.3225
240  55.3564
240  55.3681
240  55.3907
240  55.4022
240  55.4028
240  55.425
240  55.4471
240  55.4691
240  55.4801
240  55.4911
240  55.502
240  55.5235
240  55.5343
240  55.545
240  55.5661
240  55.5872
240  55.5871
240  55.6079
240  55.6182
240  55.618
240  55.6489
240  55.659
240  55.669
240  55.6789
240  55.6887
240  55.7088
240  55.7185
240  55.7383
240  55.7479
240  55.7776
240  55.7668
240  55.7862
240  55.7955
240  55.8048
240  55.804
240  55.833
240  55.8619
240  55.8511
240  55.8699
240  55.8787
240  55.8777
240  55.9061
240  55.9147
240  55.9233
240  55.9416
240  55.9404
240  55.9585
240  55.9669
240  55.9753
240  55.974
240  56.0014
240  56.0095
240  56.0367
240  56.0352
240  56.0527
240  56.0606
240  56.0685
240  56.0763
240  56.0935
240  56.1012
240  56.1089
240  56.1165
240  56.1334
240  56.1409
240  56.1208
240  56.1559
240  56.1633
240  56.1706
240  56.1962
240  56.1943
240  56.2106
240  56.2178
240  56.2249
240  56.241
240  56.239
240  56.255
240  56.2619
240  56.2777
240  56.2846
240  56.2825
240  56.307
240  56.3137
240  56.3204
240  56.327
240  56.3424
240  56.349
240  56.3642
240  56.3707
240  56.3771
240  56.3835
240  56.3898
240  56.4048
240  56.411
240  56.4173
240  56.4235
240  56.4297
240  56.4358
240  56.4504
240  56.4565
240  56.4709
240  56.4854
240  56.4913
240  56.4972
240  56.503
240  56.5089
240  56.5147
240  56.5205
240  56.5345
240  56.5402
240  56.5541
240  56.5598
240  56.5736
240  56.5791
240  56.5928
240  56.5902
240  56.6038
240  56.6092
240  56.6227
240  56.6281
240  56.6334
240  56.6387
240  56.644
240  56.6572
240  56.6624
240  56.6756
240  56.6728
240  56.6858
240  56.6909
240  56.696
240  56.701
240  56.7139
240  56.7189
240  56.7239
240  56.7366
240  56.7415
240  56.7386
240  56.759
240  56.7638
240  56.7686
240  56.7656
240  56.7858
240  56.7905
240  56.7951
240  56.7998
240  56.8044
240  56.809
240  56.8212
240  56.8258
240  56.8227
240  56.8348
240  56.8393
240  56.8438
240  56.8557
240  56.8677
240  56.872
240  56.8689
240  56.8882
240  56.8925
240  56.8968
240  56.901
240  56.9053
240  56.9169
240  56.9211
240  56.9253
240  56.9368
240  56.9482
240  56.9523
240  56.9564
240  56.9677
240  56.9572
240  56.9685
240  56.9869
240  56.9981
240  56.9876
240  56.9987
240  57.0026
240  57.0137
240  57.0175
240  57.0143
240  57.0394
240  57.0503
240  57.047
240  57.0507
240  57.0545
240  57.0582
240  57.0548
240  57.0656
240  57.0762
240  57.0869
240  57.0835
240  57.0941
240  57.0976
240  57.1081
240  57.1186
240  57.1221
240  57.1256
240  57.136
240  57.1394
240  57.1429
240  57.1463
240  57.1429
240  57.1531
240  57.1633
240  57.1666
240  57.1767
240  57.1801
240  57.1834
240  57.1934
240  57.2034
240  57.1999
240  57.1964
240  57.2131
240  57.2163
240  57.2261
240  57.2293
240  57.2258
240  57.2355
240  57.2387
240  57.2418
240  57.2515
240  57.2545
240  57.2576
240  57.2607
240  57.2702
240  57.2732
240  57.2828
240  57.2857
240  57.2887
240  57.2917
240  57.2946
240  57.2911
240  57.3069
240  57.3163
240  57.3127
240  57.322
240  57.3312
240  57.3341
240  57.3369
240  57.3461
240  57.3489
240  57.3516
240  57.3607
240  57.3635
240  57.3662
240  57.3689
240  57.3654
240  57.3806
240  57.3833
240  57.3923
240  57.3949
240  57.3975
240  57.4002
240  57.4028
240  57.4116
240  57.4142
240  57.4168
240  57.4194
240  57.4281
240  57.4306
240  57.4332
240  57.4295
240  57.4443
240  57.4468
240  57.4493
240  57.4579
240  57.4603
240  57.4628
240  57.4713
240  57.4737
240  57.4761
240  57.4845
240  57.4809
240  57.5073
240  57.5157
240  57.518
240  57.5203
240  57.5286
240  57.5368
240  57.5391
240  57.5413
240  57.5436
240  57.5517
240  57.554
240  57.5562
240  57.5584
240  57.5665
240  57.5686
240  57.5708
240  57.5671
240  57.581
240  57.5773
240  57.5853
240  57.5874
240  57.5895
240  57.5974
240  57.5995
240  57.6074
240  57.6037
240  57.6058
240  57.6193
240  57.6099
240  57.6234
240  57.6197
240  57.6275
240  57.6352
240  57.6315
240  57.6392
240  57.6468
240  57.6431
240  57.6508
240  57.6584
240  57.6603
240  57.6566
240  57.6642
240  57.6661
240  57.668
240  57.6755
240  57.6774
240  57.6681
240  57.6756
240  57.6719
240  57.6849
240  57.6923
240  57.6997
240  57.696
240  57.6813
240  57.7052
240  57.707
240  57.7143
240  57.7161
240  57.5376
240  57.6323
240  57.6233
240  57.6361
240  57.6163
240  57.6453
240  57.6472
240  57.5143
240  57.5647
240  57.5399
240  57.558
240  57.5707
240  57.5566
240  57.564
240  57.5606
240  57.5626
240  57.5699
240  57.5718
240  57.5526
240  57.5758
240  57.583
240  57.5902
240  57.5921
240  57.5993
240  57.6012
240  57.6031
240  57.5997
240  57.612
240  57.6139
240  57.6158
240  57.628
240  57.6403
240  57.6369
240  57.6439
240  57.6302
240  57.6526
240  57.6544
240  57.6562
240  57.658
240  57.6649
240  57.6666
240  57.6735
240  57.6701
240  57.6719
240  57.6787
240  57.6804
240  57.6872
240  57.6889
240  57.6957
240  57.6822
240  57.6991
240  57.7007
240  57.7024
240  57.7041
240  57.7158
240  57.7074
240  57.709
240  57.7207
240  57.7173
240  57.7289
240  57.7355
240  57.7321
240  57.7337
240  57.7403
240  57.7171
240  57.7435
240  57.75
240  57.7466
240  57.7334
240  57.7448
240  57.7562
240  57.7627
240  57.7642
240  57.7657
240  57.7721
240  57.7736
240  57.78
240  57.7767
240  57.783
240  57.7651
240  57.7908
240  57.7875
240  57.7986
240  57.7952
240  57.8015
240  57.803
240  57.8092
240  57.8107
240  57.8121
240  57.8183
240  57.815
240  57.8212
240  57.8226
240  57.8287
240  57.8111
240  57.8268
240  57.8329
240  57.839
240  57.8357
240  57.8418
240  57.8431
240  57.8492
240  57.8506
240  57.8472
240  57.8486
240  57.8593
240  57.8606
240  57.8666
240  57.8633
240  57.8506
240  57.8659
240  57.8765
240  57.8778
240  57.8745
240  57.8758
240  57.8863
240  57.8876
240  57.8889
240  57.8901
240  57.896
240  57.9019
240  57.8985
240  57.8997
240  57.9102
240  57.9068
240  57.9126
240  57.8773
240  57.9196
240  57.9163
240  57.9175
240  57.9187
240  57.9244
240  57.9302
240  57.9314
240  57.9325
240  57.9337
240  57.9394
240  57.9406
240  57.9462
240  57.9204
240  57.9486
240  57.9497
240  57.9509
240  57.9565
240  57.9576
240  57.9632
240  57.9599
240  57.961
240  57.9666
240  57.9632
240  57.9777
240  57.9788
240  57.9799
240  57.981
240  57.982
240  57.9743
240  57.9842
240  57.9897
240  57.9864
240  57.9918
240  57.9973
240  57.9983
240  57.9994
240  58.0048
240  58.0015
240  58.0069
240  58.0036
240  58.009
240  58.0144
240  58.0154
240  58.0078
240  58.0217
240  58.0228
240  58.0281
240  58.0291
240  58.0301
240  58.0354
240  58.0364
240  58.0374
240  58.0383
240  58.0393
240  58.0446
240  58.0456
240  58.0508
240  58.0475
240  58.04
240  58.0537
240  58.0546
240  58.0471
240  58.0608
240  58.0659
240  58.0669
240  58.0552
240  58.0687
240  58.0697
240  58.0748
240  58.0757
240  58.0766
240  58.0817
240  58.0826
240  58.0752
240  58.0886
240  58.0853
240  58.0904
240  58.0954
240  58.0963
240  58.0972
240  58.1022
240  58.1031
240  58.104
240  58.109
240  58.1098
240  58.1066
240  58.1116
240  58.1124
240  58.1051
240  58.1182
240  58.1191
240  58.124
240  58.1248
240  58.1257
240  58.1265
240  58.1314
240  58.1322
240  58.1371
240  58.1379
240  58.1387
240  58.1395
240  58.1444
240  58.1452
240  58.1339
240  58.1468
240  58.1516
240  58.1524
240  58.1532
240  58.158
240  58.1588
240  58.1595
240  58.1563
240  58.1651
240  58.1619
240  58.1706
240  58.1714
240  58.1721
240  58.1729
240  58.1617
240  58.1704
240  58.1791
240  58.1798
240  58.1845
240  58.1813
240  58.1939
240  58.1946
240  58.1757
240  58.1921
240  58.1654
240  58.2014
240  58.1943
240  58.195
240  58.1996
240  58.1808
240  58.2011
240  58.1979
240  58.2064
240  58.2032
240  58.2078
240  58.2123
240  58.2092
240  58.2098
240  58.2183
240  58.219
240  58.2196
240  58.2242
240  58.2248
240  58.2255
240  58.2223
240  58.2192
240  58.2352
240  58.232
240  58.2403
240  58.2371
240  58.2378
240  58.2423
240  58.2391
240  58.2474
240  58.2442
240  58.2486
240  58.2493
240  58.2499
240  58.2543
240  58.2549
240  58.248
240  58.26
240  58.2606
240  58.265
240  58.2656
240  58.2662
240  58.2706
240  58.2674
240  58.2718
240  58.2686
240  58.2767
240  58.2773
240  58.2742
240  58.2785
240  58.2828
240  58.2722
240  58.284
240  58.2883
240  58.2888
240  58.2894
240  58.29
240  58.2943
240  58.2948
240  58.2991
240  58.2996
240  58.3002
240  58.3008
240  58.2977
240  58.3092
240  58.3061
240  58.2957
240  58.3072
240  58.3078
240  58.312
240  58.3125
240  58.313
240  58.3172
240  58.3141
240  58.3219
240  58.3225
240  58.3194
240  58.3235
240  58.324
240  58.3282
240  58.3287
240  58.3184
240  58.3333
240  58.3338
240  58.338
240  58.3349
240  58.3354
240  58.3359
240  58.3436
240  58.3405
240  58.3446
240  58.3451
240  58.3491
240  58.3496
240  58.3501
240  58.3541
240  58.3475
240  58.3587
240  58.3556
240  58.3561
240  58.3601
240  58.3606
240  58.3646
240  58.3615
240  58.3655
240  58.3625
240  58.3665
240  58.3704
240  58.3674
240  58.3714
240  58.3718
240  58.3618
240  58.3727
240  58.3837
240  58.3841
240  58.3846
240  58.385
240  58.3889
240  58.3894
240  58.3898
240  58.3903
240  58.3907
240  58.3911
240  58.395
240  58.3989
240  58.3993
240  58.386
240  58.4002
240  58.4006
240  58.4045
240  58.4049
240  58.4053
240  58.4057
240  58.4061
240  58.41
240  58.407
240  58.4142
240  58.4112
240  58.4116
240  58.4154
240  58.4158
240  58.3993
240  58.4166
240  58.4204
240  58.4242
240  58.428
240  58.4284
240  58.4288
240  58.4292
240  58.4329
240  58.4333
240  58.4337
240  58.4341
240  58.4378
240  58.4382
240  58.4352
240  58.4356
240  58.4393
240  58.443
240  58.4468
240  58.4271
240  58.4475
240  58.4479
240  58.4515
240  58.4519
240  58.4523
240  58.4526
240  58.4563
240  58.4567
240  58.457
240  58.4574
240  58.4544
240  58.4515
240  58.4584
240  58.4621
240  58.4624
240  58.466
240  58.473
240  58.47
240  58.4703
240  58.4707
240  58.4743
240  58.4714
240  58.4717
240  58.4753
240  58.4756
240  58.4792
240  58.4698
240  58.4799
240  58.4834
240  58.4838
240  58.4873
240  58.4876
240  58.488
240  58.4915
240  58.4886
240  58.4921
240  58.4924
240  58.4928
240  58.4963
240  58.4966
240  58.4969
240  58.4876
240  58.5007
240  58.5042
240  58.5045
240  58.5048
240  58.5019
240  58.5054
240  58.5057
240  58.5092
240  58.5095
240  58.5098
240  58.5132
240  58.5135
240  58.517
240  58.5173
240  58.508
240  58.5178
240  58.5213
240  58.5216
240  58.5218
240  58.5221
240  58.5255
240  58.5258
240  58.5261
240  58.5295
240  58.5298
240  58.5332
240  58.5303
240  58.5337
240  58.534
240  58.5249
240  58.5376
240  58.5348
240  58.5381
240  58.5384
240  58.5449
240  58.542
240  58.5454
240  58.5456
240  58.5459
240  58.5461
240  58.5464
240  58.5497
240  58.55
240  58.5502
240  58.5412
240  58.5538
240  58.5356
240  58.5574
240  58.5576
240  58.5609
240  58.5642
240  58.5645
240  58.5678
240  58.568
240  58.5682
240  58.5654
240  58.5656
240  58.5658
240  58.5691
240  58.5511
240  58.5726
240  58.5698
240  58.57
240  58.5733
240  58.5735
240  58.5737
240  58.5739
240  58.5772
240  58.5774
240  58.5806
240  58.5778
240  58.5841
240  58.5813
240  58.5845
240  58.5787
240  58.5789
240  58.5851
240  58.5853
240  58.5855
240  58.5947
240  58.592
240  58.5922
240  58.5924
240  58.5955
240  58.5928
240  58.5959
240  58.5961
240  58.5993
240  58.5965
240  58.5938
240  58.5969
240  58.603
240  58.6032
240  58.6064
240  58.6095
240  58.6127
240  58.6158
240  58.616
240  58.5484
240  58.5663
240  58.5694
240  58.5696
240  58.5552
240  58.573
240  58.5674
240  58.5734
240  58.5766
240  58.5739
240  58.5536
240  58.5772
240  58.5774
240  58.5776
240  58.5778
240  58.5839
240  58.5841
240  58.5843
240  58.5845
240  58.5847
240  58.5878
240  58.5851
240  58.591
240  58.5912
240  58.5885
240  58.5945
240  58.5918
240  58.5949
240  58.598
240  58.5982
240  58.5955
240  58.5985
240  58.5987
240  58.5989
240  58.602
240  58.6022
240  58.5966
240  58.6054
240  58.6056
240  58.6086
240  58.6059
240  58.6089
240  58.6091
240  58.6121
240  58.6123
240  58.6125
240  58.6155
240  58.6157
240  58.6159
240  58.616
240  58.6105
240  58.6135
240  58.6194
240  58.6195
240  58.6225
240  58.6114
240  58.6257
240  58.6258
240  58.6232
240  58.6233
240  58.6207
240  58.6293
240  58.5622
240  58.582
240  58.5822
240  58.5573
240  58.5547
240  58.5884
240  58.5885
240  58.5887
240  58.5917
240  58.5919
240  58.5893
240  58.5839
240  58.5897
240  58.5871
240  58.5569
240  58.5157
240  58.5462
240  58.5547
240  58.5467
240  58.5552
240  58.5471
240  58.5583
240  58.5558
240  58.5505
240  58.559
240  58.551
240  58.5621
240  58.5596
240  58.5653
240  58.5655
240  58.5657
240  58.5659
240  58.5688
240  58.5636
240  58.5692
240  58.5613
240  58.5724
240  58.5726
240  58.5755
240  58.5729
240  58.5759
240  58.5761
240  58.579
240  58.5818
240  58.5793
240  58.5795
240  58.5824
240  58.5826
240  58.5774
240  58.5857
240  58.5859
240  58.5807
240  58.5889
240  58.5891
240  58.5893
240  58.5921
240  58.5923
240  58.5925
240  58.5927
240  58.5955
240  58.5957
240  58.5986
240  58.5961
240  58.5936
240  58.6017
240  58.5992
240  58.5994
240  58.5996
240  58.6051
240  58.5999
240  58.6028
240  58.6056
240  58.6084
240  58.6112
240  58.6087
240  58.6089
240  58.6117
240  58.6092
240  58.6041
240  58.6122
240  58.615
240  58.6151
240  58.6153
240  58.5342
240  58.5213
240  58.5294
240  58.5244
240  58.5325
240  58.5353
240  58.5355
240  58.5097
240  58.4943
240  58.4972
240  58.539
240  58.5807
240  58.6225
240  58.6643
240  58.7061
240  58.7478
240  58.7896
240  58.834
240  58.8731
240  58.9175
240  58.9592
240  59.001
240  59.0427
240  59.0845
240  59.1262
240  59.1679
240  59.207
240  59.2514
240  59.2931
240  59.3374
240  59.3792
240  59.4209
240  59.4652
240  59.5069
240  59.5486
240  59.5903
240  59.632
240  59.6737
240  59.7154
240  59.7571
240  59.8014
240  59.8431
240  59.8821
240  59.9264
240  59.9654
240  60.0071
240  60.0514
240  60.0931
240  60.1347
240  60.179
240  60.2233
240  60.265
240  60.3066
240  60.3483
240  60.3926
240  60.4342
240  60.4785
240  60.5175
240  60.5618
240  60.6034
240  60.6477
240  60.6893
240  60.7309
240  60.7725
240  60.8168
240  60.8584
240  60.9
240  60.9443
240  60.9859
240  61.0275
240  61.069
240  61.1106
240  61.1495
240  61.1911
240  61.2326
240  61.2742
240  61.3157
240  61.3573
240  61.3988
240  61.4404
240  61.4819
240  61.5235
240  61.5677
240  61.6093
240  61.6508
240  61.6923
240  61.7311
240  61.7726
240  61.8169
240  61.8584
240  61.9027
240  61.9442
240  61.9884
240  62.0299
240  62.0714
240  62.1156
240  62.1571
240  62.1986
240  62.2429
240  62.2843
240  62.3286
240  62.3701
240  62.4143
240  62.4558
240  62.5
240  62.5415
240  62.5829
240  62.6216
240  62.6575
240  62.699
240  62.7404
240  62.7819
240  62.8233
240  62.8647
240  62.9089
240  62.9504
240  62.9918
240  63.0332
240  63.0774
240  63.1188
240  63.1602
240  63.2016
240  63.243
240  63.2844
240  63.3286
240  63.37
240  63.4114
240  63.4528
240  63.4942
240  63.5384
240  63.5797
240  63.6239
240  63.6653
240  63.7095
240  63.7508
240  63.7922
240  63.8335
240  63.8749
240  63.9163
240  63.9604
240  64.0018
240  64.0431
240  64.0844
240  64.1286
240  64.1699
240  64.2113
240  64.2554
240  64.2968
240  64.3381
240  64.3794
240  64.4207
240  64.4649
240  64.5062
240  64.5503
240  64.5916
240  64.6358
240  64.6771
240  64.7183
240  64.7596
240  64.8009
240  64.8422
240  64.8835
240  64.9276
240  64.9689
240  65.0102
240  65.0514
240  65.0955
240  65.1368
240  65.1781
240  65.2193
240  65.2634
240  65.3018
240  65.3459
240  65.3872
240  65.4284
240  65.4725
240  65.5137
240  65.555
240  65.5962
240  65.6403
240  65.6815
240  65.7227
240  65.7639
240  65.8051
240  65.8492
240  65.8904
240  65.9316
240  65.9757
240  66.0169
240  66.0581
240  66.0993
240  66.1405
240  66.1846
240  66.2228
240  66.2669
240  66.3052
240  66.3463
240  66.3904
240  66.4316
240  66.4727
240  66.5168
240  66.555
240  66.5991
240  66.6402
240  66.6843
240  66.7254
240  66.7666
240  66.8077
240  66.8488
240  66.8929
240  66.934
240  66.925
240  66.9572
240  66.9511
240  66.948
240  66.939
240  66.9153
240  66.9298
240  66.9238
240  66.9178
240  66.9176
240  66.8999
240  66.9026
240  66.8996
240  66.8936
240  66.8905
240  66.8816
240  66.8786
240  66.8755
240  66.8696
240  66.8549
240  66.8577
240  66.8518
240  66.8516
240  66.8428
240  66.8369
240  66.8339
240  66.828
240  66.8222
240  66.8192
240  66.8133
240  66.8075
240  66.8016
240  66.7987
240  66.7928
240  66.7784
240  66.7841
240  66.7782
240  66.7725
240  66.7695
240  66.7637
240  66.758
240  66.7493
240  66.7493
240  66.7435
240  66.7406
240  66.7349
240  66.7292
240  66.7263
240  66.7206
240  66.7063
240  66.7063
240  66.7063
240  66.7006
240  66.6921
240  66.6921
240  66.6836
240  66.6779
240  66.6751
240  66.6695
240  66.6639
240  66.661
240  66.6554
240  66.6526
240  66.647
240  66.6358
240  66.6358
240  66.6331
240  66.6275
240  66.6107
240  66.6192
240  66.6136
240  66.6081
240  66.6053
240  66.5998
240  66.597
240  66.5887
240  66.5777
240  66.5833
240  66.5778
240  66.5695
240  66.5613
240  66.5613
240  66.5421
240  66.5504
240  66.5422
240  66.545
240  66.5396
240  66.5342
240  66.5288
240  66.5151
240  66.5234
240  66.518
240  66.5099
240  66.4853
240  66.4964
240  66.4937
240  66.4938
240  66.4858
240  66.4777
240  66.4751
240  66.4724
240  66.4671
240  66.4645
240  66.4592
240  66.4566
240  66.4513
240  66.446
240  66.4407
240  66.4354
240  66.4301
240  66.4222
240  66.4223
240  66.4171
240  66.4118
240  66.4066
240  66.4067
240  66.4015
240  66.3963
240  66.3937
240  66.3885
240  66.386
240  66.3781
240  66.3756
240  66.3704
240  66.3653
240  66.3574
240  66.3576
240  66.3551
240  66.3473
240  66.3448
240  66.337
240  66.3345
240  66.3294
240  66.3269
240  66.3218
240  66.3194
240  66.3143
240  66.3065
240  66.3067
240  66.3017
240  66.2939
240  66.2942
240  66.2891
240  66.2814
240  66.2763
240  66.2766
240  66.2715
240  66.2665
240  66.2615
240  66.2565
240  66.2541
240  66.2517
240  66.2493
240  66.2443
240  66.2393
240  66.2265
240  66.2267
240  66.2244
240  66.2194
240  66.2171
240  66.2121
240  66.2072
240  66.2048
240  66.1999
240  66.195
240  66.19
240  66.1877
240  66.1828
240  66.1779
240  66.173
240  66.1629
240  66.1658
240  66.1635
240  66.1561
240  66.1538
240  66.1489
240  66.1466
240  66.1418
240  66.1369
240  66.1347
240  66.1298
240  66.125
240  66.1202
240  66.1179
240  66.1106
240  66.1032
240  66.1061
240  66.1013
240  66.0965
240  66.0917
240  66.0921
240  66.0847
240  66.0825
240  66.0778
240  66.073
240  66.0708
240  66.0457
240  66.0588
240  66.0541
240  66.0544
240  66.037
240  66.0323
240  66.0352
240  66.033
240  66.0309
240  66.0237
240  66.019
240  66.0193
240  66.0147
240  66.01
240  66.0079
240  66.0082
240  66.0036
240  65.9989
240  65.9968
240  65.9595
240  65.9825
240  65.9804
240  65.9808
240  65.9762
240  65.9691
240  65.9645
240  65.9649
240  65.9428
240  65.9532
240  65.9511
240  65.944
240  65.9395
240  65.9399
240  65.9353
240  65.9308
240  65.9262
240  65.9167
240  65.9196
240  65.9151
240  65.9105
240  65.9085
240  65.9015
240  65.8995
240  65.895
240  65.8929
240  65.8884
240  65.8864
240  65.8819
240  65.8774
240  65.8705
240  65.8611
240  65.8665
240  65.862
240  65.8576
240  65.8507
240  65.8487
240  65.8467
240  65.8398
240  65.8354
240  65.8358
240  65.8314
240  65.8294
240  65.8275
240  65.8206
240  65.8187
240  65.8094
240  65.8099
240  65.8079
240  65.8035
240  65.7992
240  65.7948
240  65.7929
240  65.7885
240  65.7842
240  65.7798
240  65.7779
240  65.7735
240  65.7716
240  65.7673
240  65.763
240  65.7538
240  65.7567
240  65.7524
240  65.7481
240  65.7462
240  65.7419
240  65.7376
240  65.7357
240  65.7075
240  65.7248
240  65.7229
240  65.7163
240  65.7168
240  65.7125
240  65.7083
240  65.7016
240  65.6926
240  65.7003
240  65.6961
240  65.6871
240  65.6876
240  65.6834
240  65.6816
240  65.6774
240  65.6755
240  65.6713
240  65.6624
240  65.6653
240  65.6611
240  65.6593
240  65.648
240  65.6462
240  65.6256
240  65.6403
240  65.6385
240  65.6343
240  65.6325
240  65.6284
240  65.6219
240  65.6224
240  65.6183
240  65.6165
240  65.6101
240  65.6083
240  65.6042
240  65.593
240  65.596
240  65.5942
240  65.5924
240  65.5883
240  65.5866
240  65.5825
240  65.5784
240  65.572
240  65.5703
240  65.5662
240  65.5622
240  65.5581
240  65.5564
240  65.5547
240  65.5483
240  65.5466
240  65.5449
240  65.5408
240  65.5368
240  65.5259
240  65.5288
240  65.5202
240  65.5231
240  65.5168
240  65.5105
240  65.5088
240  65.5117
240  65.4985
240  65.5014
240  65.4906
240  65.4958
240  65.4918
240  65.4924
240  65.4862
240  65.4845
240  65.4783
240  65.4789
240  65.4727
240  65.471
240  65.4671
240  65.4654
240  65.4592
240  65.4439
240  65.4537
240  65.4384
240  65.4413
240  65.4442
240  65.4312
240  65.4342
240  65.4371
240  65.4286
240  65.4248
240  65.4209
240  65.4193
240  65.4131
240  65.407
240  65.4054
240  65.3746
240  65.3572
240  65.3646
240  65.3631
240  65.3593
240  65.3577
240  65.3539
240  65.3501
240  65.3463
240  65.3447
240  65.3409
240  65.3371
240  65.3333
240  65.3117
240  65.3258
240  65.322
240  65.3205
240  65.3122
240  65.3174
240  65.3114
240  65.3099
240  65.3039
240  65.2979
240  65.2986
240  65.2949
240  65.2934
240  65.2896
240  65.2859
240  65.2844
240  65.2785
240  65.277
240  65.2733
240  65.2652
240  65.2681
240  65.2644
240  65.2629
240  65.2592
240  65.2533
240  65.254
240  65.2481
240  65.2467
240  65.2452
240  65.2415
240  65.2378
240  65.2364
240  65.2327
240  65.2291
240  65.2232
240  65.2239
240  65.2203
240  65.2167
240  65.2152
240  65.2116
240  65.208
240  65.2043
240  65.2029
240  65.1993
240  65.1957
240  65.1942
240  65.1906
240  65.187
240  65.1574
240  65.1777
240  65.1784
240  65.1748
240  65.1734
240  65.1676
240  65.1662
240  65.1627
240  65.1612
240  65.1555
240  65.152
240  65.1527
240  65.147
240  65.1435
240  65.1442
240  65.1407
240  65.1307
240  65.1314
240  65.1301
240  65.1287
240  65.1252
240  65.1238
240  65.1203
240  65.1146
240  65.1111
240  65.1097
240  65.1062
240  65.1048
240  65.1035
240  65.0979
240  65.0965
240  65.0888
240  65.0917
240  65.0882
240  65.0847
240  65.0834
240  65.0799
240  65.0764
240  65.073
240  65.0716
240  65.0682
240  65.0647
240  65.0634
240  65.0599
240  65.0565
240  65.053
240  65.0454
240  65.0483
240  65.047
240  65.0435
240  65.0107
240  65.0367
240  65.0333
240  65.0299
240  65.0286
240  65.0252
240  65.0092
240  65.0163
240  65.0045
240  65.0137
240  65.0061
240  64.9944
240  65.0035
240  64.9981
240  64.9884
240  64.9538
240  64.9442
240  64.9513
240  64.95
240  64.9467
240  64.9413
240  64.94
240  64.9388
240  64.9355
240  64.9322
240  64.9164
240  64.9214
240  64.9243
240  64.9231
240  64.9198
240  64.9185
240  64.9132
240  64.914
240  64.9087
240  64.9074
240  64.9042
240  64.9009
240  64.8976
240  64.8943
240  64.8931
240  64.8857
240  64.8804
240  64.8854
240  64.8821
240  64.8789
240  64.8736
240  64.8724
240  64.8712
240  64.87
240  64.8647
240  64.8635
240  64.8623
240  64.8591
240  64.8559
240  64.8526
240  64.8494
240  64.8401
240  64.845
240  64.8418
240  64.8427
240  64.8354
240  64.8363
240  64.831
240  64.8278
240  64.8267
240  64.8235
240  64.8223
240  64.8191
240  64.816
240  64.8128
240  64.8096
240  64.8004
240  64.8053
240  64.8001
240  64.799
240  64.7958
240  64.7866
240  64.7915
240  64.7904
240  64.7852
240  64.7821
240  64.783
240  64.7798
240  64.7787
240  64.7756
240  64.7724
240  64.7633
240  64.7682
240  64.7651
240  64.762
240  64.7569
240  64.7577
240  64.7546
240  64.7515
240  64.7504
240  64.7473
240  64.7462
240  64.7431
240  64.74
240  64.7369
240  64.7358
240  64.7248
240  64.7297
240  64.7266
240  64.7235
240  64.7224
240  64.7194
240  64.7163
240  64.7113
240  64.7102
240  64.7071
240  64.708
240  64.703
240  64.7019
240  64.7009
240  64.6978
240  64.6869
240  64.6917
240  64.6907
240  64.6877
240  64.6846
240  64.6836
240  64.6805
240  64.6775
240  64.6765
240  64.6715
240  64.6704
240  64.6674
240  64.6683
240  64.6634
240  64.6604
240  64.6496
240  64.6563
240  64.6534
240  64.6504
240  64.6493
240  64.6463
240  64.6414
240  64.6404
240  64.6374
240  64.6364
240  64.6334
240  64.6304
240  64.6294
240  64.6284
240  64.6254
240  64.6109
240  64.6176
240  64.6166
240  64.6156
240  64.6126
240  64.6097
240  64.6067
240  64.6038
240  64.6028
240  64.6018
240  64.5989
240  64.5959
240  64.593
240  64.592
240  64.5891
240  64.5862
240  64.5775
240  64.5823
240  64.5794
240  64.5784
240  64.5736
240  64.5458
240  64.5238
240  64.5209
240  64.518
240  64.5266
240  64.518
240  64.5228
240  64.5218
240  64.5228
240  64.5142
240  64.5171
240  64.5142
240  64.5133
240  64.5104
240  64.5057
240  64.5066
240  64.5057
240  64.5029
240  64.5
240  64.4972
240  64.4962
240  64.4915
240  64.4906
240  64.4878
240  64.4812
240  64.484
240  64.4831
240  64.4803
240  64.4775
240  64.4746
240  64.4737
240  64.469
240  64.4681
240  64.4653
240  64.4625
240  64.4597
240  64.4588
240  64.4579
240  64.4532
240  64.4467
240  64.4495
240  64.4486
240  64.4459
240  64.4412
240  64.4403
240  64.4375
240  64.4348
240  64.432
240  64.4311
240  64.4302
240  64.4275
240  64.4266
240  64.4238
240  64.4192
240  64.4127
240  64.4174
240  64.4128
240  64.412
240  64.4111
240  64.4065
240  64.4056
240  64.4029
240  64.402
240  64.3993
240  64.3984
240  64.3957
240  64.3763
240  64.3847
240  64.3894
240  64.3774
240  64.3876
240  64.3849
240  64.3822
240  64.3795
240  64.3787
240  64.376
240  64.3751
240  64.3706
240  64.3679
240  64.367
240  64.3643
240  64.3635
240  64.3608
240  64.36
240  64.3573
240  64.34
240  64.3538
240  64.3365
240  64.3155
240  64.3111
240  64.3139
240  64.3094
240  64.3086
240  64.2495
240  64.236
240  64.2389
240  64.2236
240  64.2318
240  64.2311
240  64.2103
240  64.2241
240  64.2233
240  64.2189
240  64.2163
240  64.2173
240  64.213
240  64.2122
240  64.2096
240  64.207
240  64.2045
240  64.2019
240  64.2011
240  64.195
240  64.196
240  64.1952
240  64.1927
240  64.1937
240  64.1912
240  64.1886
240  64.1861
240  64.1871
240  64.181
240  64.1802
240  64.1777
240  64.1751
240  64.1744
240  64.1719
240  64.1658
240  64.1668
240  64.1661
240  64.1635
240  64.161
240  64.1585
240  64.156
240  64.1552
240  64.1527
240  64.152
240  64.1495
240  64.1452
240  64.1462
240  64.142
240  64.1412
240  64.1352
240  64.1362
240  64.1355
240  64.133
240  64.1323
240  64.1298
240  64.1255
240  64.1213
240  64.1188
240  64.1181
240  64.1156
240  64.1131
240  64.1107
240  64.11
240  64.1075
240  64.1015
240  64.1026
240  64.1019
240  64.1012
240  64.0952
240  64.0875
240  64.1008
240  64.0984
240  64.0959
240  64.0952
240  64.0927
240  64.0903
240  64.0879
240  64.0872
240  64.0865
240  64.0753
240  64.0798
240  64.0809
240  64.0785
240  64.0778
240  64.0753
240  64.0729
240  64.0722
240  64.0681
240  64.0674
240  64.0667
240  64.0643
240  64.0601
240  64.0594
240  64.0553
240  64.0494
240  64.0522
240  64.0533
240  64.0491
240  64.0467
240  64.0461
240  64.0437
240  64.043
240  64.0406
240  64.0382
240  64.0375
240  64.0352
240  64.0345
240  64.0321
240  64.0297
240  64.0256
240  64.0215
240  64.0243
240  64.0219
240  64.0178
240  64.0172
240  64.0165
240  64.0124
240  64.0118
240  64.0094
240  64.0088
240  64.0064
240  64.0024
240  64.0034
240  64.0011
240  64.0004
240  63.9929
240  63.9957
240  63.9934
240  63.9927
240  63.9904
240  63.9881
240  63.9874
240  63.9834
240  63.981
240  63.9804
240  63.9781
240  63.9757
240  63.9751
240  63.9728
240  63.9722
240  63.9648
240  63.9692
240  63.9652
240  63.9629
240  63.9623
240  63.96
240  63.9576
240  63.9553
240  63.9547
240  63.9524
240  63.9518
240  63.9495
240  63.9489
240  63.9466
240  63.9443
240  63.9386
240  63.9414
240  63.9391
240  63.9351
240  63.9362
240  63.9339
240  63.9316
240  63.9293
240  63.9287
240  63.9265
240  63.9242
240  63.9236
240  63.9213
240  63.919
240  63.9168
240  63.9095
240  63.9139
240  63.9116
240  63.9094
240  63.9088
240  63.9065
240  63.9059
240  63.902
240  63.9014
240  63.8992
240  63.8969
240  63.8947
240  63.8941
240  63.8902
240  63.8896
240  63.884
240  63.8851
240  63.8846
240  63.8823
240  63.8784
240  63.8779
240  63.8789
240  63.8767
240  63.8745
240  63.8739
240  63.8717
240  63.8695
240  63.8689
240  63.865
240  63.8645
240  63.8589
240  63.8617
240  63.8595
240  63.8573
240  63.8567
240  63.8545
240  63.8523
240  63.8468
240  63.8462
240  63.8457
240  63.8435
240  63.8429
240  63.8276
240  63.8385
240  63.8363
240  63.8325
240  63.8336
240  63.8314
240  63.8292
240  63.8271
240  63.8265
240  63.8243
240  63.8222
240  63.8216
240  63.8194
240  63.8173
240  63.8167
240  63.8146
240  63.8124
240  63.8119
240  63.8032
240  63.8059
240  63.8037
240  63.8032
240  63.8011
240  63.8005
240  63.8
240  63.7978
240  63.7941
240  63.7952
240  63.793
240  63.7909
240  63.7887
240  63.7866
240  63.7844
240  63.7807
240  63.7818
240  63.7796
240  63.7791
240  63.777
240  63.7765
240  63.7743
240  63.7738
240  63.7717
240  63.768
240  63.7658
240  63.7653
240  63.7648
240  63.7627
240  63.759
240  63.7569
240  63.7564
240  63.7575
240  63.7553
240  63.7548
240  63.7527
240  63.7442
240  63.7485
240  63.7368
240  63.7459
240  63.7406
240  63.7401
240  63.7348
240  63.7359
240  63.7354
240  63.7349
240  63.7297
240  63.7308
240  63.7303
240  63.725
240  63.7229
240  63.7256
240  63.7219
240  63.7215
240  63.721
240  63.7173
240  63.666
240  63.6608
240  63.6398
240  63.6092
240  63.5835
240  63.5578
240  63.5338
240  63.5365
240  63.5424
240  63.5373
240  63.5353
240  63.5333
240  63.5329
240  63.5309
240  63.5242
240  63.5254
240  63.5266
240  63.5246
240  63.5226
240  63.5206
240  63.5187
240  63.5198
240  63.5179
240  63.5159
240  63.5139
240  63.512
240  63.51
240  63.5112
240  63.5092
240  63.5026
240  63.5006
240  63.5049
240  63.5014
240  63.5026
240  63.5022
240  63.4971
240  63.4952
240  63.4948
240  63.4897
240  63.4878
240  63.4874
240  63.4886
240  63.4897
240  63.4862
240  63.4766
240  63.4886
240  63.482
240  63.4723
240  63.4828
240  63.4855
240  63.482
240  63.4801
240  63.4766
240  63.4809
240  63.4635
240  63.4739
240  63.472
240  63.4685
240  63.4666
240  63.4601
240  63.4643
240  63.4624
240  63.4621
240  63.4601
240  63.4582
240  63.4579
240  63.456
240  63.454
240  63.4521
240  63.4533
240  63.4545
240  63.448
240  63.443
240  63.4488
240  63.4392
240  63.4435
240  63.4431
240  63.4412
240  63.4393
240  63.4374
240  63.4371
240  63.4367
240  63.4318
240  63.4299
240  63.4295
240  63.4292
240  63.4288
240  63.4269
240  63.425
240  63.4201
240  63.4213
240  63.4209
240  63.4206
240  63.4187
240  63.4153
240  63.415
240  63.4131
240  63.4113
240  63.4094
240  63.409
240  63.4057
240  63.4068
240  63.4035
240  63.4016
240  63.4028
240  63.3949
240  63.3976
240  63.3972
240  63.3954
240  63.395
240  63.3932
240  63.3928
240  63.391
240  63.3907
240  63.3888
240  63.3855
240  63.3851
240  63.3818
240  63.383
240  63.3826
240  63.3763
240  63.3804
240  63.3786
240  63.3753
240  63.375
240  63.3716
240  63.3728
240  63.371
240  63.3706
240  63.3688
240  63.367
240  63.3667
240  63.3648
240  63.3645
240  63.3627
240  63.3564
240  63.3591
240  63.3498
240  63.3584
240  63.3566
240  63.3548
240  63.3545
240  63.3512
240  63.3509
240  63.3505
240  63.3487
240  63.3454
240  63.3451
240  63.3433
240  63.3415
240  63.3353
240  63.335
240  63.3376
240  63.3343
240  63.334
240  63.3322
240  63.3319
240  63.3301
240  63.3284
240  63.328
240  63.3263
240  63.3245
240  63.3242
240  63.3224
240  63.3206
240  63.3174
240  63.3185
240  63.3167
240  63.315
240  63.3147
240  63.3114
240  63.3111
240  63.3094
240  63.3091
240  63.3058
240  63.3055
240  63.3023
240  63.3035
240  63.3017
240  63.2985
240  63.2938
240  63.2979
240  63.2947
240  63.2958
240  63.2926
240  63.2938
240  63.292
240  63.2888
240  63.2885
240  63.2868
240  63.2865
240  63.2847
240  63.283
240  63.2812
240  63.2809
240  63.2748
240  63.2775
240  63.2772
240  63.2769
240  63.2693
240  63.2734
240  63.2717
240  63.2685
240  63.2682
240  63.2665
240  63.2647
240  63.263
240  63.2627
240  63.2625
240  63.2622
240  63.2518
240  63.2558
240  63.2556
240  63.2538
240  63.2536
240  63.2533
240  63.2516
240  63.2513
240  63.2496
240  63.2479
240  63.2476
240  63.2459
240  63.2442
240  63.2439
240  63.2407
240  63.2362
240  63.2373
240  63.2385
240  63.2354
240  63.2351
240  63.2334
240  63.2331
240  63.2314
240  63.2297
240  63.228
240  63.2278
240  63.2261
240  63.2258
240  63.2241
240  63.2224
240  63.2207
240  63.219
240  63.2188
240  63.2171
240  63.2168
240  63.2151
240  63.2135
240  63.2118
240  63.2115
240  63.2098
240  63.2082
240  63.2079
240  63.2062
240  63.2046
240  63.2043
240  63.2026
240  63.1981
240  63.1993
240  63.199
240  63.1974
240  63.1957
240  63.1954
240  63.1938
240  63.1921
240  63.1904
240  63.1902
240  63.1885
240  63.1869
240  63.1838
240  63.185
240  63.1833
240  63.1788
240  63.1814
240  63.1798
240  63.1781
240  63.1779
240  63.1748
240  63.1746
240  63.1729
240  63.1727
240  63.171
240  63.1694
240  63.1691
240  63.1661
240  63.1644
240  63.1642
240  63.1598
240  63.1623
240  63.1607
240  63.1605
240  63.1588
240  63.1572
240  63.1556
240  63.1553
240  63.1523
240  63.1507
240  63.149
240  63.1488
240  63.1486
240  63.1456
240  63.1453
240  63.1409
240  63.1435
240  63.1419
240  63.1416
240  63.1386
240  63.137
240  63.1368
240  63.1365
240  63.1349
240  63.1333
240  63.1317
240  63.1315
240  63.1313
240  63.1283
240  63.128
240  63.1237
240  63.1248
240  63.1232
240  63.123
240  63.12
240  63.1198
240  63.1196
240  63.1166
240  63.1164
240  63.1162
240  63.1146
240  63.1116
240  63.11
240  63.1098
240  63.1096
240  63.1038
240  63.1064
240  63.1048
240  63.1046
240  63.103
240  63.1014
240  63.1012
240  63.0996
240  63.0994
240  63.0964
240  63.0962
240  63.0946
240  63.0944
240  63.0929
240  63.0913
240  63.0856
240  63.0813
240  63.0893
240  63.0891
240  63.0875
240  63.0859
240  63.0857
240  63.0842
240  63.0826
240  63.0824
240  63.0808
240  63.0793
240  63.0777
240  63.0761
240  63.0759
240  63.0675
240  63.0742
240  63.0712
240  63.071
240  63.0695
240  63.0679
240  63.0677
240  63.0662
240  63.0646
240  63.0644
240  63.0629
240  63.0613
240  63.0598
240  63.0596
240  63.0567
240  63.0578
240  63.0522
240  63.0547
240  63.0532
240  63.053
240  63.0515
240  63.0499
240  63.0497
240  63.0482
240  63.0466
240  63.0465
240  63.0449
240  63.0434
240  63.0418
240  63.0417
240  63.0401
240  63.0346
240  63.0371
240  63.0369
240  63.034
240  63.0338
240  63.0336
240  63.0308
240  63.0306
240  63.0304
240  63.0289
240  63.0274
240  63.0258
240  63.0257
240  63.0241
240  63.0226
240  63.0184
240  63.0209
240  63.0194
240  63.0192
240  63.0177
240  63.0162
240  63.0147
240  63.0145
240  63.013
240  63.0115
240  63.0113
240  63.0098
240  63.0083
240  63.0068
240  63.0066
240  63.0011
240  63.0036
240  63.0034
240  63.0019
240  63.0004
240  62.9989
240  62.9961
240  62.9973
240  62.9931
240  62.993
240  62.9915
240  62.9913
240  62.9885
240  62.9883
240  62.9868
240  62.9814
240  62.9852
240  62.9837
240  62.9835
240  62.9807
240  62.9792
240  62.9804
240  62.9776
240  62.9774
240  62.9773
240  62.9758
240  62.9743
240  62.9728
240  62.9727
240  62.9712
240  62.9658
240  62.9696
240  62.9681
240  62.9666
240  62.9664
240  62.9637
240  62.9622
240  62.9633
240  62.9619
240  62.9604
240  62.9603
240  62.9575
240  62.9573
240  62.9559
240  62.9557
240  62.9503
240  62.9528
240  62.9513
240  62.9512
240  62.9484
240  62.9483
240  62.9481
240  62.9467
240  62.9452
240  62.945
240  62.9436
240  62.9421
240  62.9407
240  62.9405
240  62.9391
240  62.9337
240  62.9375
240  62.936
240  62.9346
240  62.9332
240  62.9317
240  62.9316
240  62.9301
240  62.93
240  62.9285
240  62.9206
240  62.927
240  62.9268
240  62.9241
240  62.9239
240  62.9186
240  62.9224
240  62.9209
240  62.9208
240  62.9194
240  62.9179
240  62.9152
240  62.9164
240  62.9149
240  62.9135
240  62.9108
240  62.9119
240  62.9105
240  62.9091
240  62.9077
240  62.9024
240  62.9048
240  62.9047
240  62.9045
240  62.9031
240  62.9004
240  62.9016
240  62.9002
240  62.8987
240  62.8986
240  62.8972
240  62.8958
240  62.8944
240  62.8942
240  62.8928
240  62.8914
240  62.8874
240  62.8899
240  62.8885
240  62.8871
240  62.8844
240  62.8842
240  62.8841
240  62.8827
240  62.8826
240  62.8812
240  62.8798
240  62.8797
240  62.8783
240  62.8769
240  62.8767
240  62.8702
240  62.8739
240  62.8726
240  62.8686
240  62.8685
240  62.8696
240  62.8695
240  62.8681
240  62.8667
240  62.8666
240  62.8652
240  62.8638
240  62.8625
240  62.8623
240  62.861
240  62.857
240  62.8556
240  62.8555
240  62.8567
240  62.8553
240  62.8539
240  62.8538
240  62.8524
240  62.8485
240  62.8484
240  62.8496
240  62.8469
240  62.8481
240  62.8467
240  62.8453
240  62.8414
240  62.8438
240  62.8425
240  62.8411
240  62.8397
240  62.8396
240  62.8382
240  62.8381
240  62.8368
240  62.8354
240  62.8353
240  62.8339
240  62.8301
240  62.8312
240  62.8311
240  62.826
240  62.8284
240  62.8283
240  62.8269
240  62.8256
240  62.8242
240  62.8241
240  62.8227
240  62.8214
240  62.8213
240  62.8199
240  62.8186
240  62.8172
240  62.8134
240  62.8145
240  62.8082
240  62.8118
240  62.8105
240  62.8116
240  62.8103
240  62.8102
240  62.8088
240  62.8075
240  62.8061
240  62.8061
240  62.8047
240  62.8034
240  62.8033
240  62.8019
240  62.8006
240  62.7955
240  62.7992
240  62.7978
240  62.7952
240  62.7952
240  62.7938
240  62.7937
240  62.7936
240  62.7923
240  62.791
240  62.7896
240  62.7896
240  62.7882
240  62.7869
240  62.7868
240  62.783
240  62.7842
240  62.7816
240  62.7827
240  62.7826
240  62.7789
240  62.7763
240  62.7787
240  62.7774
240  62.7773
240  62.776
240  62.7746
240  62.7733
240  62.7732
240  62.7645
240  62.7657
240  62.7668
240  62.7692
240  62.7679
240  62.7666
240  62.7665
240  62.7652
240  62.7639
240  62.7589
240  62.7625
240  62.7612
240  62.7611
240  62.7573
240  62.7438
240  62.7547
240  62.7461
240  62.7534
240  62.7484
240  62.752
240  62.7446
240  62.7506
240  62.7469
240  62.7468
240  62.7455
240  62.7454
240  62.7441
240  62.7428
240  62.7403
240  62.7414
240  62.7389
240  62.7401
240  62.7388
240  62.7363
240  62.7374
240  62.7361
240  62.7348
240  62.7336
240  62.7335
240  62.7322
240  62.7309
240  62.7296
240  62.7283
240  62.7271
240  62.7258
240  62.7257
240  62.7256
240  62.7231
240  62.7255
240  62.7194
240  62.7217
240  62.7205
240  62.7192
240  62.7191
240  62.719
240  62.7178
240  62.7165
240  62.7152
240  62.7152
240  62.7139
240  62.7126
240  62.7113
240  62.7077
240  62.7088
240  62.7087
240  62.7087
240  62.7074
240  62.7061
240  62.7049
240  62.7036
240  62.7036
240  62.7011
240  62.701
240  62.701
240  62.6985
240  62.6984
240  62.6984
240  62.6911
240  62.6971
240  62.6958
240  62.6957
240  62.6945
240  62.3825
240  62.3932
240  62.3944
240  62.3956
240  62.3957
240  62.3945
240  62.3934
240  62.3922
240  62.3922
240  62.3899
240  62.384
240  62.39
240  62.3888
240  62.3877
240  62.3877
240  62.3877
240  62.3866
240  62.3855
240  62.3843
240  62.3844
240  62.3832
240  62.3821
240  62.3797
240  62.3786
240  62.3786
240  62.3775
240  62.3764
240  62.3764
240  62.3764
240  62.3753
240  62.3753
240  62.373
240  62.3719
240  62.3719
240  62.372
240  62.3697
240  62.3674
240  62.3698
240  62.3686
240  62.3675
240  62.3675
240  62.3641
240  62.3641
240  62.3641
240  62.363
240  62.3631
240  62.3631
240  62.362
240  62.3608
240  62.3597
240  62.3586
240  62.3586
240  62.3575
240  62.3576
240  62.3564
240  62.3541
240  62.3519
240  62.3519
240  62.3508
240  62.3497
240  62.3497
240  62.3498
240  62.3428
240  62.3487
240  62.3476
240  62.3453
240  62.3465
240  62.3442
240  62.3443
240  62.3432
240  62.3421
240  62.3398
240  62.341
240  62.341
240  62.3411
240  62.34
240  62.3389
240  62.3378
240  62.3367
240  62.3355
240  62.3356
240  62.3333
240  62.3334
240  62.3323
240  62.3323
240  62.3301
240  62.329
240  62.3302
240  62.3291
240  62.328
240  62.3269
240  62.3269
240  62.3247
240  62.3259
240  62.3248
240  62.3237
240  62.3237
240  62.3226
240  62.3215
240  62.3204
240  62.3205
240  62.3171
240  62.3183
240  62.3172
240  62.3173
240  62.315
240  62.3151
240  62.314
240  62.314
240  62.313
240  62.313
240  62.3119
240  62.3097
240  62.3098
240  62.3098
240  62.3087
240  62.3042
240  62.3066
240  62.3055
240  62.3055
240  62.3044
240  62.3045
240  62.3046
240  62.3001
240  62.3024
240  62.3013
240  62.3014
240  62.3003
240  62.2992
240  62.297
240  62.2959
240  62.2948
240  62.2949
240  62.295
240  62.2939
240  62.2928
240  62.2929
240  62.2918
240  62.2907
240  62.2897
240  62.2886
240  62.2886
240  62.2876
240  62.2888
240  62.2866
240  62.2866
240  62.2822
240  62.2845
240  62.2834
240  62.2835
240  62.2824
240  62.2825
240  62.2814
240  62.2804
240  62.2804
240  62.2782
240  62.2783
240  62.2772
240  62.2762
240  62.2762
240  62.274
240  62.2741
240  62.273
240  62.2731
240  62.2721
240  62.271
240  62.2711
240  62.2689
240  62.2701
240  62.269
240  62.268
240  62.268
240  62.267
240  62.2648
240  62.266
240  62.2649
240  62.2628
240  62.2617
240  62.2618
240  62.2618
240  62.2597
240  62.2597
240  62.2587
240  62.2576
240  62.2566
240  62.2567
240  62.2567
240  62.2557
240  62.2558
240  62.2547
240  62.2537
240  62.2515
240  62.2527
240  62.2517
240  62.2506
240  62.2485
240  62.2485
240  62.2486
240  62.2476
240  62.2465
240  62.2466
240  62.2456
240  62.2445
240  62.2435
240  62.2436
240  62.2425
240  62.2426
240  62.2416
240  62.2405
240  62.2395
240  62.2396
240  62.2385
240  62.2375
240  62.2376
240  62.2365
240  62.2355
240  62.2356
240  62.2334
240  62.2335
240  62.2325
240  62.2326
240  62.2304
240  62.2305
240  62.2295
240  62.2296
240  62.2285
240  62.2275
