 1   0.368
 2   0.27
 3   0.471
 4   0.418
 5   0.318
 6   0.254
 7   0.294
 8   0.289
 9   0.275
 10   0.292
 11   0.302
 12   0.31
 13   0.32
 14   0.325
 15   0.328
 16   0.338
 17   0.346
 18   0.373
 19   0.35
 20   0.636
 21   0.755
 22   0.733
 23   0.929
 24   0.75
 25   0.749
 26   0.786
 27   0.79
 28   0.768
 29   0.774
 30   0.801
 31   0.716
 32   0.737
 33   0.83
 34   0.87
 35   0.806
 36   0.818
 37   0.828
 38   0.859
 39   0.767
 40   0.783
 41   0.773
 42   0.743
 43   0.692
 44   0.572
 45   0.507
 46   0.574
 47   0.532
 48   0.526
 49   0.659
 50   0.57
 51   0.561
 52   0.544
 53   0.535
 54   0.617
 55   0.545
 56   0.547
 57   0.533
 58   0.531
 59   0.53
 60   0.547
 61   0.489
 62   0.493
 63   0.493
 64   0.516
 65   0.496
 66   0.552
 67   0.497
 68   0.494
 69   0.489
 70   0.489
 71   0.489
 72   0.486
 73   0.489
 74   0.491
 75   0.49
 76   0.487
 77   0.488
 78   0.489
 79   0.487
 80   0.486
 81   0.488
 82   0.486
 83   0.512
 84   0.588
 85   0.551
 86   0.679
 87   0.673
 88   0.497
 89   0.49
 90   0.519
 91   0.49
 92   0.513
 93   0.555
 94   0.552
 95   0.648
 96   0.874
 97   0.66
 98   0.628
 99   0.627
 100   0.5
 101   0.511
 102   0.569
 103   0.557
 104   0.565
 105   0.579
 106   0.721
 107   0.778
 108   0.606
 109   0.576
 110   0.734
 111   0.633
 112   0.563
 113   0.564
 114   0.492
 115   0.488
 116   0.485
 117   0.486
 118   0.484
 119   0.487
 120   0.57
 121   0.535
 122   0.556
 123   0.532
 124   0.492
 125   0.49
 126   0.488
 127   0.49
 128   0.499
 129   0.56
 130   0.5
 131   0.498
 132   0.495
 133   0.593
 134   0.594
 135   0.606
 136   0.563
 137   0.665
 138   0.582
 139   0.561
 140   0.596
 141   0.566
 142   0.571
 143   0.557
 144   0.568
 145   0.568
 146   0.565
 147   0.552
 148   0.574
 149   0.552
 150   0.553
 151   0.608
 152   0.564
 153   0.573
 154   0.556
 155   0.553
 156   0.551
 157   0.645
 158   0.817
 159   0.576
 160   0.569
 161   0.559
 162   0.554
 163   0.556
 164   0.553
 165   0.566
 166   0.618
 167   0.685
 168   0.588
 169   0.625
 170   0.611
 171   0.583
 172   0.623
 173   0.585
 174   0.569
 175   0.646
 176   0.712
 177   0.511
 178   0.494
 179   0.494
 180   0.491
 181   0.489
 182   0.489
 183   0.488
 184   0.49
 185   0.51
 186   0.56
 187   0.553
 188   0.558
 189   0.559
 190   0.726
 191   0.705
 192   0.653
 193   0.683
 194   0.645
 195   0.7
 196   0.621
 197   0.555
 198   0.548
 199   0.552
 200   0.552
 201   0.551
 202   0.553
 203   0.486
 204   0.484
 205   0.555
 206   0.487
 207   0.488
 208   0.489
 209   0.487
 210   0.49
 211   0.485
 212   0.489
 213   0.485
 214   0.513
 215   0.484
 216   0.507
 217   0.633
 218   0.565
 219   0.518
 220   0.566
 221   0.835
 222   1.03
 223   0.694
 224   0.684
 225   0.68
 226   0.673
 227   0.672
 228   0.684
 229   0.679
 230   0.842
 231   0.832
 232   0.722
 233   0.605
 234   0.643
 235   0.592
 236   0.575
 237   0.552
 238   0.497
 239   0.506
 240   0.492
 241   0.483
 242   0.617
 243   0.511
 244   0.5
 245   0.495
 246   0.494
 247   0.491
 248   0.493
 249   0.49
 250   0.488
 251   0.491
 252   0.488
 253   0.508
 254   0.62
 255   0.562
 256   0.497
 257   0.498
 258   0.492
 259   0.56
 260   0.529
 261   0.489
 262   0.488
 263   0.487
 264   0.487
 265   0.488
 266   0.485
 267   0.487
 268   0.484
 269   0.485
 270   0.486
 271   0.486
 272   0.486
 273   0.483
 274   0.483
 275   0.481
 276   0.49
 277   0.486
 278   0.486
 279   0.484
 280   0.487
 281   0.487
 282   0.487
 283   0.488
 284   0.484
 285   0.485
 286   0.485
 287   0.483
 288   0.485
 289   0.485
 290   0.485
 291   0.484
 292   0.485
 293   0.484
 294   0.485
 295   0.548
 296   0.569
 297   0.658
 298   0.553
 299   0.589
 300   0.573
 301   0.533
 302   0.492
 303   0.489
 304   0.487
 305   0.485
 306   0.487
 307   0.486
 308   0.486
 309   0.488
 310   0.488
 311   0.486
 312   0.485
 313   0.487
 314   0.488
 315   0.486
 316   0.486
 317   0.484
 318   0.485
 319   0.486
 320   0.486
 321   0.488
 322   0.523
 323   0.486
 324   0.484
 325   0.485
 326   0.485
 327   0.486
 328   0.484
 329   0.486
 330   0.485
 331   0.487
 332   0.486
 333   0.483
 334   0.482
 335   0.566
 336   0.572
 337   0.559
 338   0.552
 339   0.551
 340   0.548
 341   0.546
 342   0.693
 343   0.555
 344   0.999
 345   0.99
 346   0.979
 347   0.92
 348   0.758
 349   0.711
 350   0.773
 351   0.677
 352   0.673
 353   0.67
 354   0.667
 355   0.665
 356   0.582
 357   0.551
 358   0.51
 359   0.485
 360   0.487
 361   0.488
 362   0.487
 363   0.486
 364   0.486
 365   0.485
 366   0.484
 367   0.488
 368   0.486
 369   0.486
 370   0.486
 371   0.486
 372   0.486
 373   0.484
 374   0.484
 375   0.486
 376   0.486
 377   0.486
 378   0.484
 379   0.485
 380   0.485
 381   0.51
 382   0.487
 383   0.506
 384   0.618
 385   0.58
 386   0.572
 387   0.494
 388   0.493
 389   0.493
 390   0.491
 391   0.489
 392   0.491
 393   0.488
 394   0.489
 395   0.491
 396   0.49
 397   0.49
 398   0.488
 399   0.489
 400   0.487
 401   0.489
 402   0.488
 403   0.532
 404   0.488
 405   0.489
 406   0.49
 407   0.49
 408   0.49
 409   0.491
 410   0.491
 411   0.487
 412   0.489
 413   0.488
 414   0.487
 415   0.489
 416   0.487
 417   0.49
 418   0.49
 419   0.492
 420   0.487
 421   0.669
 422   1.011
 423   0.985
 424   0.985
 425   1.008
 426   0.98
 427   0.941
 428   0.798
 429   0.761
 430   0.695
 431   0.68
 432   0.677
 433   0.676
 434   0.675
 435   0.671
 436   0.584
 437   0.532
 438   0.512
 439   0.49
 440   0.491
 441   0.489
 442   0.49
 443   0.521
 444   0.492
 445   0.489
 446   0.489
 447   0.488
 448   0.486
 449   0.497
 450   0.49
 451   0.489
 452   0.489
 453   0.487
 454   0.487
 455   0.488
 456   0.491
 457   0.487
 458   0.488
 459   0.489
 460   0.487
 461   0.491
 462   0.489
 463   0.489
 464   0.488
 465   0.486
 466   0.619
 467   0.561
 468   0.52
 469   0.49
 470   0.488
 471   0.489
 472   0.491
 473   0.488
 474   0.503
 475   0.503
 476   0.489
 477   0.492
 478   0.489
 479   0.487
 480   0.491
 481   0.488
 482   0.488
 483   0.487
 484   0.489
 485   0.488
 486   0.49
 487   0.488
 488   0.487
 489   0.487
 490   0.491
 491   0.487
 492   0.488
 493   0.488
 494   0.489
 495   0.487
 496   0.488
 497   0.488
 498   0.488
 499   0.489
 500   0.486
 501   0.487
 502   0.488
 503   0.486
 504   0.488
 505   0.488
 506   0.491
 507   0.49
 508   0.49
 509   0.488
 510   0.491
 511   0.49
 512   0.487
 513   0.612
 514   0.55
 515   0.492
 516   0.488
 517   0.49
 518   0.49
 519   0.49
 520   0.489
 521   0.488
 522   0.487
 523   0.488
 524   0.489
 525   0.514
 526   0.508
 527   0.493
 528   0.641
 529   0.502
 530   0.495
 531   0.492
 532   0.516
 533   0.49
 534   0.49
 535   0.486
 536   0.489
 537   0.489
 538   0.486
 539   0.489
 540   0.486
 541   0.487
 542   0.486
 543   0.485
 544   0.488
 545   0.487
 546   0.51
 547   0.505
 548   0.487
 549   0.49
 550   0.485
 551   0.485
 552   0.489
 553   0.485
 554   0.489
 555   0.486
 556   0.488
 557   0.488
 558   0.487
 559   0.618
 560   0.689
 561   0.641
 562   0.606
 563   0.572
 564   0.555
 565   0.556
 566   0.554
 567   0.556
 568   0.556
 569   0.552
 570   0.555
 571   0.488
 572   0.521
 573   0.491
 574   0.491
 575   0.489
 576   0.49
 577   0.491
 578   0.489
 579   0.491
 580   0.493
 581   0.49
 582   0.49
 583   0.491
 584   0.488
 585   0.491
 586   0.488
 587   0.487
 588   0.489
 589   0.489
 590   0.487
 591   0.491
 592   0.49
 593   0.488
 594   0.488
 595   0.488
 596   0.487
 597   0.491
 598   0.49
 599   0.489
 600   0.49
 601   0.488
 602   0.491
 603   0.575
 604   0.555
 605   0.527
 606   0.487
 607   0.487
 608   0.487
 609   0.489
 610   0.488
 611   0.487
 612   0.486
 613   0.487
 614   0.49
 615   0.488
 616   0.489
 617   0.487
 618   0.486
 619   0.487
 620   0.487
 621   0.487
 622   0.489
 623   0.49
 624   0.488
 625   0.492
 626   0.489
 627   0.522
 628   0.606
 629   0.495
 630   0.495
 631   0.492
 632   0.489
 633   0.491
 634   0.49
 635   0.488
 636   0.49
 637   0.488
 638   0.492
 639   0.489
 640   0.486
 641   0.496
 642   0.509
 643   0.499
 644   0.491
 645   0.487
 646   0.488
 647   0.49
 648   0.491
 649   0.589
 650   0.559
 651   0.522
 652   0.489
 653   0.488
 654   0.488
 655   0.49
 656   0.492
 657   0.487
 658   0.489
 659   0.491
 660   0.489
 661   0.49
 662   0.49
 663   0.488
 664   0.488
 665   0.675
 666   0.517
 667   0.75
 668   0.728
 669   0.681
 670   0.672
 671   0.626
 672   0.531
 673   0.523
 674   0.489
 675   0.491
 676   0.489
 677   0.587
 678   0.501
 679   0.495
 680   0.493
 681   0.661
 682   0.572
 683   0.559
 684   0.558
 685   0.648
 686   0.698
 687   0.579
 688   0.565
 689   0.563
 690   0.644
 691   0.564
 692   0.571
 693   0.554
 694   0.555
 695   0.554
 696   0.55
 697   0.55
 698   0.553
 699   0.551
 700   0.553
 701   0.553
 702   0.58
 703   0.57
 704   0.57
 705   0.558
 706   0.555
 707   0.553
 708   0.555
 709   0.585
 710   0.553
 711   0.554
 712   0.625
 713   0.504
 714   0.493
 715   0.49
 716   0.49
 717   0.491
 718   0.488
 719   0.488
 720   0.551
 721   0.595
 722   0.513
 723   0.514
 724   0.49
 725   0.492
 726   0.567
 727   0.555
 728   0.68
 729   0.739
 730   0.972
 731   0.624
 732   0.59
 733   0.61
 734   0.578
 735   0.66
 736   0.51
 737   0.663
 738   0.579
 739   0.561
 740   0.566
 741   0.62
 742   0.516
 743   0.491
 744   0.489
 745   0.488
 746   0.49
 747   0.487
 748   0.485
 749   0.489
 750   0.488
 751   0.487
 752   0.484
 753   0.485
 754   0.574
 755   0.538
 756   0.531
 757   0.496
 758   0.495
 759   0.492
 760   0.491
 761   0.49
 762   0.491
 763   0.49
 764   0.491
 765   0.49
 766   0.487
 767   0.49
 768   0.491
 769   0.58
 770   0.568
 771   0.69
 772   0.608
 773   0.75
 774   0.699
 775   0.679
 776   0.678
 777   0.586
 778   0.557
 779   0.49
 780   0.493
 781   0.49
 782   0.534
 783   0.489
 784   0.572
 785   0.557
 786   0.497
 787   0.49
 788   0.487
 789   0.489
 790   0.489
 791   0.491
 792   0.489
 793   0.49
 794   0.488
 795   0.49
 796   0.53
 797   0.539
 798   0.591
 799   0.738
 800   0.819
 801   0.749
 802   0.711
 803   0.677
 804   0.597
 805   0.53
 806   0.492
 807   0.49
 808   0.487
 809   0.538
 810   0.568
 811   0.528
 812   0.555
 813   0.68
 814   0.543
 815   0.494
 816   0.493
 817   0.491
 818   0.489
 819   0.488
 820   0.489
 821   0.515
 822   0.486
 823   0.484
 824   0.488
 825   0.488
 826   0.488
 827   0.483
 828   0.556
 829   0.552
 830   0.643
 831   0.545
 832   0.499
 833   0.493
 834   0.49
 835   0.491
 836   0.488
 837   0.487
 838   0.489
 839   0.489
 840   0.485
 841   0.513
 842   0.489
 843   0.486
 844   0.487
 845   0.487
 846   0.665
 847   0.516
 848   0.49
 849   0.486
 850   0.486
 851   0.486
 852   0.485
 853   0.489
 854   0.487
 855   0.486
 856   0.485
 857   0.55
 858   0.585
 859   0.547
 860   0.566
 861   0.56
 862   0.652
 863   0.541
 864   0.519
 865   0.491
 866   0.491
 867   0.489
 868   0.489
 869   0.487
 870   0.488
 871   0.489
 872   0.486
 873   0.488
 874   0.486
 875   0.542
 876   0.489
 877   0.506
 878   0.652
 879   0.492
 880   0.494
 881   0.488
 882   0.486
 883   0.486
 884   0.489
 885   0.485
 886   0.487
 887   0.486
 888   0.486
 889   0.486
 890   0.486
 891   0.485
 892   0.545
 893   0.594
 894   0.644
 895   0.558
 896   0.495
 897   0.517
 898   0.491
 899   0.488
 900   0.489
 901   0.527
 902   0.596
 903   0.575
 904   0.53
 905   0.493
 906   0.554
 907   0.604
 908   0.614
 909   0.759
 910   0.677
 911   0.669
 912   0.668
 913   0.669
 914   0.667
 915   0.665
 916   0.666
 917   0.665
 918   0.537
 919   0.541
 920   0.636
 921   0.524
 922   0.57
 923   0.66
 924   0.575
 925   0.499
 926   0.498
 927   0.494
 928   0.489
 929   0.489
 930   0.489
 931   0.488
 932   0.488
 933   0.49
 934   0.753
 935   0.991
 936   0.722
 937   0.693
 938   0.69
 939   0.717
 940   0.68
 941   0.607
 942   0.552
 943   0.514
 944   0.487
 945   0.488
 946   0.49
 947   0.488
 948   0.617
 949   0.551
 950   0.681
 951   0.53
 952   0.496
 953   0.492
 954   0.49
 955   0.49
 956   0.512
 957   0.487
 958   0.489
 959   0.487
 960   0.489
 961   0.486
 962   0.487
 963   0.609
 964   0.669
 965   0.84
 966   0.673
 967   0.669
 968   0.668
 969   0.667
 970   0.667
 971   0.667
 972   0.579
 973   0.529
 974   0.485
 975   0.486
 976   0.566
 977   0.627
 978   0.867
 979   0.568
 980   0.635
 981   0.547
 982   0.495
 983   0.493
 984   0.492
 985   0.491
 986   0.489
 987   0.488
 988   0.491
 989   0.487
 990   0.487
 991   0.488
 992   0.638
 993   0.522
 994   0.495
 995   0.491
 996   0.489
 997   0.513
 998   0.514
 999   0.489
 1000   0.493
