  1    0.335
  2    0.312
  3    0.489
  4    0.327
  5    0.242
  6    0.238
  7    0.487
  8    0.298
  9    0.24
  10    0.344
  11    0.293
  12    0.286
  13    0.295
  14    0.277
  15    0.41
  16    0.301
  17    0.255
  18    0.292
  19    0.373
  20    0.29
  21    0.239
  22    0.349
  23    0.256
  24    0.243
  25    0.236
  26    0.371
  27    0.238
  28    0.234
  29    0.236
  30    0.244
  31    0.237
  32    0.241
  33    0.235
  34    0.329
  35    0.489
  36    0.274
  37    0.242
  38    0.239
  39    0.242
  40    0.236
  41    0.242
  42    0.27
  43    0.267
  44    0.236
  45    0.338
  46    0.246
  47    0.239
  48    0.247
  49    0.246
  50    0.242
