  1    5.033
  2    5.029
  3    5.833
  4    4.74
  5    4.759
  6    5.106
  7    4.622
  8    4.633
  9    4.63
  10    5.323
  11    4.628
  12    4.835
  13    5.66
  14    4.848
  15    6.089
  16    5.753
  17    5.173
  18    5.39
  19    5.606
  20    4.785
  21    7.059
  22    5.338
  23    6.267
  24    5.399
  25    4.914
  26    5.559
  27    4.815
  28    5.848
  29    8.01
  30    5.391
  31    4.913
  32    4.759
  33    5.144
  34    4.638
  35    4.709
  36    4.88
  37    5.099
  38    4.714
  39    4.771
  40    4.864
  41    5.074
  42    4.77
  43    4.917
  44    4.683
  45    4.748
  46    4.982
  47    4.647
  48    5.014
  49    5.046
  50    4.902
